1|24.346254|-77.609163|74739|5|[Healthy]
2|43.687313|-102.605999|89330|1|[Fish And Chips, Mediterranean]
3|38.355107|-84.360410|22951|4|[American]
4|34.153936|-95.657868|88613|1|[Mexican, Coffee]
5|35.851423|-122.718885|36682|4|[Cafe]
6|30.560435|-112.483348|59524|4|[Healthy]
7|33.800387|-106.121238|92734|3|[International]
8|43.125548|-119.525588|10505|3|[Pasta, Southwestern]
9|31.544528|-76.356655|17591|5|[Pasta, Indian]
10|32.636266|-92.344160|43777|1|[Southwestern, Steak]
11|35.799289|-104.841623|89451|4|[Pizza]
12|46.282828|-72.593486|56464|5|[Persian, Fusion]
13|35.169949|-122.282044|43402|4|[Persian]
14|33.848197|-72.664716|41449|4|[American]
15|40.446319|-83.757035|60824|2|[Burgers, Fast Food]
16|39.136009|-121.407713|69508|4|[Juices, Salad]
17|48.639397|-87.770591|78366|2|[Mediterranean]
18|32.329573|-110.289749|97462|1|[Healthy]
19|29.210919|-116.476637|93061|2|[Southwestern]
20|36.572849|-100.158293|57026|5|[Grill]
21|46.697909|-97.891036|76348|2|[Contemporary, Pizza]
22|39.693397|-89.285754|55651|1|[International, Coffee]
23|45.276617|-88.398864|71938|5|[Cajun]
24|33.506511|-94.210335|53485|5|[American, Contemporary]
25|34.684551|-100.910837|16127|3|[Indian]
26|37.616216|-75.921662|23912|3|[Bistro]
27|40.997528|-71.981335|56193|5|[European]
28|34.841481|-77.589738|24453|1|[Greek]
29|41.147370|-71.688159|64326|1|[Indian, Creole]
30|47.612433|-105.379525|51907|2|[German]
31|34.573841|-104.817832|51312|4|[Pasta]
32|35.122273|-86.481315|26161|1|[Fast Food]
33|33.944863|-80.311897|93348|3|[Italian]
34|31.550647|-73.341764|61433|5|[Cafe]
35|42.118252|-114.406604|31408|5|[Californian]
36|25.948286|-118.599590|33386|3|[Southwestern]
37|37.372353|-116.428362|26609|1|[Juices, Subs]
38|31.476787|-89.920348|89044|3|[International]
39|38.240791|-115.699776|48105|2|[Grill]
40|43.564261|-112.284872|97494|4|[American]
41|37.721886|-73.588876|48282|1|[Seafood, Southwestern]
42|30.665097|-76.536540|90742|5|[Tapas]
43|39.213929|-104.238221|46369|4|[Coffee, Mexican]
44|26.399511|-88.433504|78732|1|[Deli, Cajun]
45|41.908521|-81.907157|48474|5|[Californian, Subs]
46|30.981893|-103.403983|21728|1|[Healthy, Juices]
47|48.251677|-96.100312|47843|2|[American]
48|36.553444|-85.316737|47362|5|[Pakistani, Italian]
49|40.679261|-108.732740|57579|3|[Pakistani, American]
50|37.293619|-102.104327|53039|1|[Fish And Chips]
51|32.356634|-124.444272|96873|2|[Subs]
52|40.773643|-77.441819|31518|5|[International]
53|34.615808|-80.603736|56865|4|[Middle Eastern, Pasta]
54|26.714878|-107.638135|45011|5|[Greek, Tex Mex]
55|46.411116|-114.668217|83158|2|[Continental, French]
56|30.381786|-105.301809|80142|4|[Steak]
57|48.100396|-88.310031|30654|5|[Asian, Tex Mex]
58|31.469757|-82.831121|56716|4|[Fast Food]
59|38.280857|-113.413395|39240|4|[Diner, Persian]
60|48.725392|-109.151991|43270|4|[Pasta]
61|46.710582|-100.377112|76022|2|[Deli, International]
62|45.607973|-78.490817|46745|3|[Asian, Tex Mex]
63|47.671138|-85.868435|60226|2|[Grill, Seafood]
64|33.350850|-111.647769|51184|2|[Sandwiches, Fusion]
65|41.506978|-79.200795|66936|2|[Cafe, International]
66|44.112080|-82.475337|93325|5|[Juices, Bistro]
67|29.527244|-69.505123|36357|5|[Chinese, Healthy]
68|36.319554|-110.630119|60659|3|[Cafe]
69|41.202101|-87.448213|93700|1|[European, American]
70|47.819678|-74.215755|85342|3|[Middle Eastern]
71|27.482663|-94.562832|97713|5|[Mediterranean]
72|46.880906|-107.285082|18971|3|[Mongolian]
73|27.498970|-115.294671|30098|4|[Continental, Contemporary]
74|37.934611|-95.281646|84683|3|[Juices, Burgers]
75|33.534052|-111.232768|70224|4|[Contemporary, Bistro]
76|43.733133|-94.264502|54259|2|[Healthy, Creole]
77|45.599545|-94.876467|95545|3|[Healthy]
78|25.522061|-87.629763|29682|1|[European, Cafe]
79|40.762227|-120.420262|93850|5|[Burgers]
80|41.664278|-114.743664|29189|3|[International]
81|47.280125|-81.327710|97703|4|[Deli, American]
82|27.126322|-84.347214|44160|2|[Juices, Californian]
83|29.690396|-104.826951|71947|3|[Asian, Grill]
84|34.625741|-78.201088|68441|3|[Persian, Cajun]
85|34.179861|-115.533780|79175|4|[International, Deli]
86|42.502897|-107.472327|17613|4|[Pakistani, European]
87|43.153049|-71.111326|67075|3|[Contemporary]
88|38.773889|-98.181203|92214|2|[Greek, Burgers]
89|44.676260|-123.598031|70751|1|[Steak, Mexican]
90|27.546336|-99.862042|33675|2|[Tapas, Mongolian]
91|27.886566|-82.892246|49589|4|[Chinese, Indian]
92|40.518144|-109.107541|40566|1|[Fast Food, Middle Eastern]
93|35.436554|-86.229017|96544|2|[Juices]
94|46.875063|-101.997906|84494|1|[Creole]
95|24.458112|-106.548679|56254|2|[Burgers]
96|41.609758|-90.793909|44280|2|[Persian]
97|39.869861|-119.820503|54601|3|[Fish And Chips]
98|46.990476|-79.541703|22257|3|[Burgers]
99|25.640099|-112.463337|15253|3|[Italian, Pizza]
100|43.161136|-101.238175|76148|1|[American, Mongolian]
101|41.472986|-112.766335|84178|5|[Middle Eastern, Continental]
102|46.129174|-70.603252|35189|1|[Creole, Seafood]
103|40.311556|-101.480045|19386|2|[Fish And Chips]
104|36.768116|-91.334246|23663|5|[American, French]
105|38.668672|-105.178894|28947|2|[Burgers, Tex Mex]
106|38.292808|-103.341206|68531|4|[Pizza, Contemporary]
107|46.875411|-123.825897|45795|4|[Subs, Diner]
108|47.842831|-113.232729|69348|3|[Salad]
109|25.192739|-88.185055|66825|2|[Greek, Fusion]
110|40.205450|-77.912110|22258|4|[European, Greek]
111|39.870619|-121.944076|65673|4|[Seafood]
112|48.443069|-70.649363|19195|5|[Subs, Bistro]
113|43.400961|-75.175897|91490|5|[Greek]
114|31.951206|-98.357329|10194|1|[American, Cafe]
115|45.885290|-96.797642|31358|4|[Diner, Healthy]
116|29.768371|-109.914790|85284|2|[European]
117|36.662420|-123.300334|63557|1|[French, Italian]
118|35.329460|-103.604807|83188|5|[Greek]
119|35.122918|-77.275508|14547|4|[Cafe]
120|24.399735|-93.325729|96744|4|[Tapas]
121|32.561530|-72.841274|91719|1|[Indian, European]
122|36.858970|-119.202957|88745|3|[Salad, American]
123|29.662959|-117.340528|94025|5|[Cafe]
124|36.395567|-86.355497|63396|1|[Creole, Contemporary]
125|43.373176|-114.600523|37650|2|[Southwestern]
126|33.646992|-84.838196|33222|5|[Tapas]
127|42.244343|-115.324675|76276|5|[Tapas, Contemporary]
128|34.942070|-105.649441|29669|1|[Salad, European]
129|31.230676|-109.602496|30849|4|[Smoothies]
130|35.701622|-91.609751|89924|4|[Bistro]
131|36.182303|-75.889545|44751|5|[American]
132|39.120845|-118.341494|53564|2|[Californian, American]
133|27.858322|-93.625350|20232|2|[Smoothies, American]
134|34.787589|-89.990129|44167|4|[Austrian]
135|48.475882|-71.578011|50449|1|[Burgers]
136|47.500052|-69.832647|20262|3|[Seafood]
137|42.681961|-109.556165|21120|3|[Deli, Pakistani]
138|43.675271|-119.646236|86811|1|[Mediterranean]
139|24.170838|-93.448282|69110|2|[Greek]
140|25.239196|-103.666494|28681|4|[Tex Mex]
141|43.775881|-111.493859|91888|5|[Fish And Chips]
142|30.768370|-75.851864|84744|5|[European]
143|42.495179|-98.177328|32103|3|[Grill]
144|34.994438|-90.706795|11459|3|[Sandwiches]
145|32.420625|-73.136418|39343|1|[Italian, Coffee]
146|42.446512|-83.613545|79840|4|[Grill]
147|25.375395|-103.328765|98004|4|[Mexican, Californian]
148|39.903168|-92.451038|14973|3|[American]
149|38.457913|-108.615207|18808|3|[Steak]
150|44.810519|-77.301770|88192|3|[Sandwiches]
151|44.193697|-87.823486|11951|4|[Burgers]
152|46.918261|-91.139712|94086|1|[Diner]
153|28.438099|-115.731809|44572|3|[American]
154|27.177005|-76.380597|51813|1|[Continental]
155|40.755496|-97.484915|15479|1|[Indian]
156|46.409955|-103.828650|29530|3|[Healthy, International]
157|32.156503|-83.600309|92004|3|[Healthy, Californian]
158|24.446173|-95.150670|49342|5|[International]
159|46.771801|-75.490933|72855|5|[Deli]
160|29.267265|-73.967713|71927|2|[Asian, Californian]
161|33.934510|-97.285521|21724|4|[Grill]
162|37.257165|-100.560621|90141|1|[European, American]
163|37.544597|-112.330746|31159|2|[Healthy]
164|30.415143|-84.659676|94665|3|[Italian]
165|42.533137|-107.222784|85988|1|[Seafood]
166|44.233384|-98.359956|62371|5|[Sandwiches]
167|25.264283|-113.883220|37417|3|[Deli]
168|38.660747|-79.922984|75084|5|[Creole]
169|31.262289|-121.722638|79275|3|[French]
170|27.249786|-120.269756|18599|5|[Cafe, Californian]
171|26.727250|-114.107015|72454|5|[Bistro, Seafood]
172|25.209059|-105.851065|14779|4|[Creole, Continental]
173|48.549592|-117.600309|41793|5|[International, Coffee]
174|48.841251|-91.105819|11080|3|[Pakistani, Smoothies]
175|25.598264|-107.815854|88158|2|[Deli]
176|26.337220|-87.793881|58653|3|[Asian, American]
177|25.522697|-83.452941|84251|5|[Greek]
178|35.221169|-90.912338|10378|4|[Italian, Steak]
179|32.776007|-86.340032|54561|4|[Pasta]
180|39.809955|-107.893273|36658|2|[Creole, Cafe]
181|44.720521|-72.472916|42943|5|[Mongolian, European]
182|40.470608|-118.297214|74105|2|[Tex Mex, Italian]
183|28.819188|-85.649701|85013|4|[Chinese]
184|36.775334|-83.269744|16962|5|[Burgers, International]
185|35.465226|-97.500447|61464|4|[Fast Food, Pizza]
186|44.146438|-75.814751|94135|4|[Chinese]
187|28.323430|-81.849838|10194|5|[Grill, American]
188|46.815992|-101.463744|77870|4|[Seafood, Burgers]
189|41.856774|-69.705064|30991|4|[Fish And Chips, American]
190|42.406062|-104.126923|82014|2|[Contemporary]
191|48.567272|-89.351994|41854|2|[Continental]
192|48.828438|-124.542494|55490|4|[International]
193|29.678564|-69.958020|59508|1|[Mediterranean]
194|44.155116|-78.107493|68924|5|[Mexican]
195|31.564529|-84.510721|53751|3|[Persian]
196|45.355197|-97.999981|88836|4|[Cafe, European]
197|40.190628|-92.432630|77465|3|[Deli, Cajun]
198|27.442507|-94.724808|48144|4|[International]
199|46.806962|-110.361698|75243|1|[Salad]
200|24.324577|-79.172942|88028|4|[Smoothies]
201|39.601491|-72.506851|67658|1|[Persian, Pizza]
202|46.671242|-95.720686|10013|4|[Creole]
203|42.304945|-99.985722|87120|1|[Pasta]
204|41.923404|-94.434373|95917|3|[Austrian]
205|29.150207|-116.193692|46006|1|[Healthy]
206|27.406838|-89.840386|37592|5|[Juices]
207|36.859416|-96.147821|76866|2|[Californian]
208|26.449601|-113.964502|66146|5|[Californian]
209|48.702441|-100.111455|68033|4|[American, Mongolian]
210|32.714255|-118.823176|19311|3|[Continental]
211|45.286452|-119.960513|50481|1|[Healthy]
212|36.151579|-117.826191|61137|5|[Indian]
213|47.174865|-73.799494|60953|4|[Continental]
214|38.707717|-81.197467|24993|2|[French]
215|29.898315|-87.846155|29265|1|[Deli, Burgers]
216|46.867116|-120.466846|30591|4|[Asian, Burgers]
217|34.638906|-99.385516|37561|3|[Californian]
218|25.384170|-117.173295|40293|5|[Chinese]
219|35.985021|-118.776510|42628|5|[Continental, Fast Food]
220|26.327871|-115.768971|42180|4|[American]
221|48.783558|-109.844128|94925|2|[Coffee]
222|28.412159|-119.108885|77784|3|[Contemporary]
223|33.295391|-104.666972|26982|1|[Diner, Bistro]
224|26.781180|-70.561823|49817|5|[Creole, Burgers]
225|45.820008|-119.844669|58394|2|[Contemporary]
226|28.268269|-86.637071|17463|4|[Persian, American]
227|47.700331|-80.234802|96368|5|[Deli, French]
228|41.169882|-82.594348|48791|2|[Diner, Pizza]
229|29.627119|-109.739780|33842|3|[Californian]
230|45.947271|-102.690030|90713|1|[American, Pasta]
231|25.819523|-105.949788|16209|3|[Pakistani]
232|36.809613|-124.798064|38333|1|[Seafood]
233|28.147633|-98.960418|13787|5|[Tapas, German]
234|31.410358|-105.960826|25484|1|[Mediterranean, Asian]
235|36.905131|-101.359958|59091|1|[Fish And Chips]
236|31.269515|-119.403371|76905|4|[Seafood]
237|31.492531|-115.675502|92990|4|[Cafe]
238|44.908060|-84.543636|22013|1|[Healthy, Burgers]
239|29.841510|-101.534983|26766|3|[European, German]
240|32.479405|-73.643445|36278|3|[Subs, International]
241|34.613581|-87.548176|64126|4|[International]
242|37.831908|-90.951788|61976|2|[Middle Eastern]
243|32.285985|-123.564997|53086|1|[French, Tapas]
244|32.362248|-103.752215|34555|5|[Californian]
245|38.870846|-89.262761|36359|4|[Burgers, European]
246|43.627174|-72.741296|38887|3|[American, Healthy]
247|42.119841|-92.716757|48199|5|[Fast Food, European]
248|44.654393|-109.534162|19550|5|[Indian]
249|25.665271|-118.454489|69884|2|[Cajun, Smoothies]
250|46.412713|-70.512546|59578|1|[Chinese]
251|33.972864|-94.188784|51409|2|[Cajun]
252|43.886136|-71.138066|18201|2|[Mongolian, Fusion]
253|34.916590|-113.366709|82230|2|[German]
254|36.267267|-77.396266|29370|5|[International]
255|29.767697|-75.892267|75284|2|[Pakistani]
256|32.404656|-87.820420|88905|5|[International, Seafood]
257|46.363595|-117.156256|69416|4|[Sandwiches, Chinese]
258|31.149840|-117.825993|77413|4|[Smoothies, International]
259|34.197055|-106.622882|98456|3|[Deli]
260|34.614086|-110.683647|47656|5|[Salad, Cajun]
261|31.559269|-107.991342|83501|5|[Fast Food]
262|46.587709|-93.917262|10873|3|[Mexican]
263|33.710130|-81.462301|35141|4|[Greek]
264|32.578609|-122.212176|89285|3|[American]
265|45.327932|-73.689443|34547|1|[Deli]
266|42.736822|-118.802283|36391|2|[American, Chinese]
267|30.833268|-117.746460|96333|1|[Continental, Smoothies]
268|30.676864|-84.829166|62576|2|[Cafe, Diner]
269|48.548622|-69.621474|40909|4|[Southwestern, Mongolian]
270|34.186831|-104.391369|20613|3|[Pakistani]
271|35.927272|-103.832134|58202|4|[Seafood, Burgers]
272|40.228097|-91.167295|62371|2|[International, Diner]
273|42.224833|-96.549876|64562|1|[Deli, International]
274|28.744622|-99.414623|67654|2|[Subs]
275|33.646374|-82.410730|91727|5|[Pasta, European]
276|34.584177|-119.842611|42132|2|[Pasta]
277|29.163755|-83.501139|68980|2|[Asian, Fusion]
278|41.219099|-123.150975|70621|5|[Fish And Chips]
279|36.819794|-75.765245|36542|4|[Seafood, Coffee]
280|43.523272|-124.644020|22677|5|[Indian]
281|44.686329|-116.911391|45772|3|[Californian, Steak]
282|48.320406|-92.134563|63627|5|[Tex Mex, International]
283|42.932335|-78.713219|93253|1|[Coffee, Subs]
284|28.693222|-104.671368|11681|4|[Pasta]
285|34.408282|-124.628001|65339|2|[European]
286|31.598434|-120.483307|40881|3|[International]
287|44.780556|-87.727867|34526|4|[Grill, Salad]
288|26.163036|-113.194852|21822|4|[American, Mexican]
289|41.221418|-123.647224|97498|2|[Smoothies, Cafe]
290|48.943065|-109.982727|79696|5|[Deli, Coffee]
291|33.430627|-101.921575|74937|2|[Burgers, Seafood]
292|48.636927|-69.549410|75381|1|[Pasta]
293|37.519222|-84.642384|80651|3|[Tapas, Steak]
294|36.225224|-95.632639|36304|1|[Chinese, Healthy]
295|25.788287|-83.587393|69459|1|[Californian, Burgers]
296|45.325761|-93.479920|85973|4|[American, American]
297|42.100094|-69.691371|52184|3|[French, Pakistani]
298|32.433512|-106.161182|57192|2|[American]
299|39.859084|-73.126047|26673|3|[European]
300|28.458150|-75.587174|12500|2|[Burgers, Fish And Chips]
301|33.676082|-106.984260|97348|3|[Healthy]
302|48.133098|-88.788403|65703|3|[Indian, Mediterranean]
303|35.977146|-83.996196|51508|4|[Fusion]
304|46.734846|-102.798737|71994|5|[Bistro]
305|44.687705|-112.793269|92961|3|[Pasta, Fast Food]
306|41.866522|-114.524741|60978|2|[Mediterranean, Tapas]
307|38.638488|-88.316126|66393|2|[Healthy]
308|42.192929|-118.484154|48307|4|[International]
309|34.312295|-100.757705|36219|1|[Fish And Chips, Contemporary]
310|48.736578|-81.559517|13405|4|[Salad, Pakistani]
311|35.630608|-76.710711|92387|1|[Fusion]
312|42.113090|-117.582899|97898|4|[Contemporary, American]
313|46.288927|-123.847779|19387|4|[American]
314|48.763293|-70.954417|11263|5|[Persian, Contemporary]
315|26.821570|-95.259000|17612|3|[Mediterranean, Mediterranean]
316|38.722973|-115.992285|12371|3|[Cajun, Deli]
317|24.732282|-91.932407|80417|3|[Grill]
318|47.942705|-109.621602|88014|4|[French, American]
319|34.228451|-90.170449|34800|3|[American]
320|43.657244|-87.313269|36513|2|[Steak, International]
321|38.146486|-92.428381|77763|3|[Chinese]
322|37.691417|-108.393145|35818|2|[Cafe]
323|31.482637|-71.993994|36212|5|[Coffee]
324|27.352797|-109.871765|24329|2|[Pakistani, Pasta]
325|43.390134|-75.734276|19980|3|[Californian, Fast Food]
326|26.608880|-108.333720|71267|4|[Pizza]
327|38.272960|-104.818889|24796|2|[Healthy, Healthy]
328|38.634119|-80.608541|52789|3|[Steak, Greek]
329|37.422571|-112.334446|13168|2|[Fusion, European]
330|29.189121|-84.914341|42985|5|[Greek, Continental]
331|46.599230|-92.611091|45495|3|[Tapas, Pasta]
332|39.371087|-109.949444|89971|3|[International, Italian]
333|44.493612|-91.453098|10936|5|[American]
334|33.775677|-78.522218|14874|4|[Greek]
335|24.497300|-109.233351|97138|4|[Creole]
336|41.400677|-124.124794|47169|3|[Seafood, Seafood]
337|48.884317|-97.449850|29988|2|[Contemporary]
338|40.843670|-71.533054|16874|3|[Mongolian]
339|36.795850|-70.280148|15875|5|[French]
340|38.752605|-103.862864|37909|3|[Continental]
341|33.737986|-115.579181|87908|1|[Continental]
342|35.186931|-109.995705|70173|3|[Tapas, Pasta]
343|41.382379|-70.611450|32751|1|[Mediterranean]
344|44.117253|-87.439832|92356|4|[Healthy]
345|24.963112|-93.244591|50651|1|[Pizza]
346|25.441039|-118.132306|41518|2|[Mediterranean, Seafood]
347|31.611103|-121.792540|17489|2|[Tapas, American]
348|47.828715|-76.506464|77405|5|[Healthy]
349|43.809320|-100.234479|63169|2|[Indian]
350|34.667023|-85.752002|26054|3|[Coffee, International]
351|31.433547|-115.646444|19451|3|[Subs, Pasta]
352|48.305619|-76.204641|73344|1|[Greek]
353|36.333046|-104.377481|62113|2|[Greek]
354|48.158508|-105.307442|62843|4|[Contemporary]
355|36.146725|-123.434998|96483|1|[Bistro, American]
356|45.576546|-73.772055|91546|1|[Diner, Mediterranean]
357|31.519514|-103.232801|85315|1|[Southwestern]
358|24.143254|-78.265190|55051|5|[Juices]
359|36.693410|-123.479310|75720|4|[Bistro, American]
360|48.828551|-101.554221|14886|4|[European, Middle Eastern]
361|34.173565|-70.613012|48122|1|[Indian]
362|48.293278|-110.938119|20718|3|[Californian]
363|28.851929|-118.426625|62113|5|[German, Austrian]
364|38.220145|-107.696614|48716|1|[International, Sandwiches]
365|36.191908|-96.187647|33782|5|[American, Fish And Chips]
366|32.142948|-77.740689|23766|1|[Southwestern]
367|38.224270|-71.181646|95008|2|[Subs, Fast Food]
368|24.349903|-120.679384|35382|4|[European, Pasta]
369|30.352085|-104.447992|39858|2|[Austrian]
370|26.850822|-81.449912|35260|2|[German, Sandwiches]
371|31.481683|-90.486161|89518|5|[American, Contemporary]
372|34.345444|-108.174318|74694|1|[Contemporary, European]
373|42.226589|-86.258574|27262|1|[Deli]
374|26.758888|-114.860183|66415|5|[Italian, American]
375|35.971983|-92.255452|96736|3|[Burgers, Contemporary]
376|47.946261|-110.944222|35459|4|[American, American]
377|42.562388|-79.794949|75916|3|[American]
378|45.898196|-123.444878|95548|5|[International, Diner]
379|48.968578|-83.640584|35437|1|[Steak]
380|31.733196|-106.360480|88183|4|[Burgers]
381|44.594355|-82.303237|33558|3|[Contemporary]
382|47.665506|-122.541502|51250|2|[American, Contemporary]
383|41.613551|-112.661528|38046|5|[Greek, Coffee]
384|27.230323|-83.205114|15066|5|[American, Pakistani]
385|35.818199|-102.791926|88547|4|[Mediterranean]
386|36.183776|-113.202008|92449|4|[American]
387|39.988530|-92.177920|75734|2|[Californian]
388|44.791964|-85.699671|37511|1|[Southwestern, Pizza]
389|38.194766|-102.115165|92804|1|[Continental]
390|44.343059|-98.461176|18129|3|[Seafood, American]
391|30.984289|-99.819551|72420|1|[Persian, Grill]
392|47.986135|-98.271016|23988|5|[Seafood]
393|26.832767|-92.804202|23020|3|[International, Greek]
394|32.824920|-72.597762|81654|2|[Pakistani, Italian]
395|33.558591|-87.313321|61753|4|[Creole, German]
396|32.298547|-83.126001|24947|2|[Mongolian]
397|39.147126|-110.773900|84338|1|[Mediterranean]
398|38.118154|-84.343322|35984|5|[American, Burgers]
399|43.744482|-81.199687|56830|5|[Steak, Southwestern]
400|37.658647|-80.424290|56635|3|[Tex Mex, Steak]
401|34.840237|-94.852878|41819|5|[Fish And Chips]
402|25.293371|-122.479933|67080|5|[French, Indian]
403|46.373009|-69.830424|67394|1|[French, Indian]
404|35.359136|-91.258538|64294|2|[Subs]
405|30.150090|-81.580576|24201|2|[Subs, American]
406|47.254277|-98.936437|95375|1|[Cafe]
407|34.477394|-81.477003|13353|5|[Pizza, Deli]
408|36.374566|-85.155027|40191|4|[Seafood]
409|32.813950|-95.362618|16012|3|[Creole]
410|43.139316|-107.815704|69346|3|[Pasta, Steak]
411|45.767894|-116.693433|37194|4|[Cafe, Coffee]
412|25.228741|-70.458876|82510|1|[Seafood]
413|29.504646|-83.376522|42945|3|[Creole]
414|35.988969|-116.583711|25319|2|[Healthy, Cajun]
415|31.145502|-103.347043|55195|5|[Fusion, Persian]
416|41.230113|-117.976988|90104|2|[Deli]
417|24.313689|-87.952186|56228|5|[Tex Mex]
418|48.583520|-69.928452|69836|3|[Burgers, Tapas]
419|34.241753|-98.299648|86923|5|[Sandwiches]
420|30.251459|-121.684874|46853|2|[Greek]
421|43.569176|-86.859241|76749|2|[French]
422|34.548553|-114.840978|53325|3|[Sandwiches]
423|36.237348|-105.351100|64237|5|[Diner]
424|35.464052|-70.756723|31471|3|[Tex Mex]
425|24.881082|-79.628583|97419|3|[Seafood, European]
426|48.293218|-111.849800|28910|4|[Grill]
427|37.690335|-71.898629|59279|2|[European, Tex Mex]
428|47.792818|-95.418311|71509|2|[Greek]
429|31.704937|-107.393809|84705|5|[Mongolian, Seafood]
430|25.559752|-85.638444|34541|3|[Salad, Chinese]
431|41.356697|-85.877002|26399|1|[Healthy, Cajun]
432|43.950456|-122.106567|90554|3|[Continental, French]
433|44.958272|-95.314949|42674|1|[Burgers]
434|44.371390|-71.619869|67823|2|[Continental]
435|27.790148|-101.855467|90100|4|[Cajun]
436|33.636796|-109.116912|16700|1|[Healthy]
437|34.953117|-110.118004|36421|3|[Seafood, Healthy]
438|37.364555|-93.281099|19262|1|[European, Mongolian]
439|44.309310|-109.504146|39313|1|[European, Bistro]
440|34.436371|-115.456404|80878|5|[Salad, Subs]
441|41.775586|-101.842255|36996|2|[Bistro, Steak]
442|32.271652|-74.536710|84208|4|[Middle Eastern, Middle Eastern]
443|42.648902|-98.495639|75843|5|[Burgers]
444|46.263287|-121.425730|29346|3|[Fish And Chips, Cafe]
445|43.453654|-78.863190|56397|3|[Italian]
446|48.722169|-86.871863|68425|1|[Austrian, Grill]
447|45.837707|-75.639237|80177|3|[Sandwiches, European]
448|24.861583|-85.995081|58422|2|[Pizza, Mediterranean]
449|34.957378|-123.211310|34597|4|[Tex Mex, Salad]
450|41.804022|-86.826134|98857|4|[Diner, American]
451|36.976027|-101.816988|89616|3|[French, Italian]
452|36.742881|-121.721361|68258|5|[Fast Food, American]
453|46.674796|-86.773995|97440|1|[Fish And Chips]
454|34.444865|-83.919945|89547|3|[Pasta]
455|34.938678|-119.837221|13646|2|[Juices]
456|43.507639|-88.210930|41654|2|[American]
457|27.380751|-124.262564|58264|4|[Burgers, Healthy]
458|31.860308|-112.367624|90036|2|[Grill, International]
459|24.435306|-98.365836|76332|4|[Continental, Burgers]
460|47.373372|-111.614570|76184|2|[Californian, Juices]
461|39.542923|-103.531114|38416|3|[Chinese]
462|42.538108|-111.355412|20219|2|[Healthy]
463|47.698393|-102.868358|48607|3|[Mediterranean]
464|33.353845|-114.737797|80869|5|[American, Steak]
465|28.383339|-76.975926|90114|3|[International]
466|45.833682|-93.469968|72768|1|[Southwestern]
467|40.282751|-79.631448|35401|4|[American, French]
468|44.695138|-93.484670|28250|1|[French, Italian]
469|26.773128|-106.220712|17132|4|[Californian, Cafe]
470|44.294664|-82.570595|15835|2|[Californian, Deli]
471|39.245488|-98.400572|76389|4|[Healthy]
472|43.873659|-83.514184|53547|1|[Pakistani, Subs]
473|43.809596|-98.577172|42915|3|[Persian]
474|39.308457|-73.547122|86203|1|[Mongolian, Californian]
475|45.321395|-86.262210|38621|5|[Steak]
476|47.380460|-79.717961|62347|4|[Deli, Pasta]
477|26.374477|-78.499509|28938|4|[Sandwiches, International]
478|30.739579|-104.513190|98912|5|[German]
479|36.502862|-83.491892|72183|1|[American]
480|42.429730|-98.418014|24593|2|[Pasta, American]
481|32.973261|-101.338494|43273|1|[Cafe]
482|37.706891|-78.792609|99281|4|[Deli, Italian]
483|36.311897|-109.226664|35855|2|[Continental]
484|39.902848|-106.568703|44608|1|[Steak]
485|34.445205|-93.111951|70507|4|[International, Californian]
486|24.628334|-119.308309|84244|2|[Salad]
487|32.476326|-81.992478|22833|1|[Seafood]
488|30.194133|-85.748489|31003|1|[Indian]
489|25.953819|-82.302232|34725|2|[Creole]
490|45.186376|-80.114271|22138|5|[Pizza, Seafood]
491|38.947619|-102.267289|36163|1|[Italian, Burgers]
492|27.709211|-116.697321|45649|2|[Salad]
493|41.658238|-110.561921|74631|2|[American, Mongolian]
494|43.359127|-93.719375|86938|5|[Burgers, Asian]
495|30.490959|-119.391875|98289|5|[European, Continental]
496|32.380668|-96.769817|65037|4|[Burgers]
497|34.836410|-73.888840|39119|5|[Burgers, Bistro]
498|42.454587|-100.754170|50802|4|[Coffee]
499|39.777153|-78.282462|90701|3|[Mediterranean]
500|31.392069|-120.157295|59610|3|[Burgers, Californian]
501|40.838611|-81.585065|87714|3|[Deli]
502|36.625278|-103.371550|86727|4|[Mexican]
503|27.689331|-103.708901|96031|3|[European, Contemporary]
504|48.514504|-101.694212|19235|3|[Coffee, Chinese]
505|31.651066|-124.285970|35164|3|[French]
506|32.218551|-116.335829|69342|5|[Austrian, Southwestern]
507|27.256657|-106.858121|12510|3|[Chinese, Subs]
508|48.292518|-107.831577|12948|4|[Coffee]
509|36.216105|-95.534668|67045|4|[Cajun]
510|26.603771|-94.221541|31182|3|[Austrian, Healthy]
511|42.640746|-98.807583|30027|2|[French, American]
512|41.539071|-109.275706|88018|3|[Cajun, European]
513|39.190474|-115.161338|42302|4|[European]
514|36.116108|-123.810124|50753|2|[Persian, Deli]
515|43.569795|-76.806674|32707|4|[Pakistani]
516|40.382822|-96.977373|48409|4|[French]
517|40.314704|-100.457156|89065|1|[Healthy]
518|42.101796|-76.269576|50699|5|[Mexican, Burgers]
519|28.945816|-72.698124|72852|4|[Mexican]
520|39.600112|-114.552774|96909|2|[Mediterranean, Mongolian]
521|46.775535|-114.261562|34986|5|[Burgers]
522|26.997874|-75.653975|26395|3|[Burgers]
523|46.971000|-111.588605|34241|5|[Contemporary]
524|38.232071|-72.442593|64832|4|[Middle Eastern]
525|30.418739|-119.758604|33344|3|[Juices]
526|32.380753|-111.769632|58752|4|[Seafood, Fast Food]
527|47.566649|-108.571660|67550|3|[American]
528|25.612342|-114.516528|81047|4|[Diner]
529|36.160578|-117.230458|51712|3|[Italian]
530|34.606671|-84.777008|77637|4|[Southwestern]
531|39.429867|-114.816775|83524|3|[Austrian, Sandwiches]
532|46.404172|-111.845975|27643|3|[Pasta]
533|28.157972|-124.933824|33790|1|[Creole, Creole]
534|34.246763|-91.783961|76857|5|[Deli]
535|27.104530|-105.438673|26676|5|[American, Sandwiches]
536|36.134632|-77.635277|52495|4|[Italian, Fish And Chips]
537|39.861048|-76.441488|79141|1|[Grill, Mexican]
538|32.877949|-90.616656|52370|4|[Smoothies]
539|45.487822|-73.710520|88018|2|[Pakistani, Middle Eastern]
540|36.726232|-84.266747|28478|4|[American, American]
541|33.324532|-91.554512|56785|2|[Healthy]
542|32.246936|-107.828092|90847|1|[Austrian]
543|31.497924|-95.105097|61681|3|[Greek, Middle Eastern]
544|32.194334|-86.394848|86594|4|[Fish And Chips, Burgers]
545|38.989981|-109.801898|59269|4|[Fast Food, Burgers]
546|38.934133|-122.418951|45497|3|[Californian, Healthy]
547|28.733448|-92.926773|21388|4|[Mediterranean, Fusion]
548|34.555489|-88.296047|65356|3|[American, Mongolian]
549|31.914309|-87.896864|87019|1|[Mexican, Greek]
550|45.894616|-101.468320|94826|3|[American]
551|41.999907|-114.652311|31290|5|[American]
552|42.972778|-100.585664|46953|5|[Grill]
553|34.990566|-74.187349|41092|5|[Grill, Tex Mex]
554|30.576580|-90.177390|53830|3|[Contemporary]
555|38.562912|-88.684022|31928|3|[Fish And Chips, Southwestern]
556|47.845277|-99.754802|75899|4|[International]
557|29.703180|-85.342262|89645|3|[American, Indian]
558|39.760615|-111.558883|99536|2|[Californian]
559|42.117327|-107.452325|84460|5|[Southwestern]
560|27.692639|-86.423244|89595|1|[Contemporary, Salad]
561|29.571764|-106.371592|76704|1|[American]
562|43.605986|-105.544524|70456|4|[American, Persian]
563|48.754647|-75.422101|49239|5|[Cajun, Mediterranean]
564|37.815758|-114.844964|41394|3|[Mexican, Fusion]
565|47.870146|-82.498318|67596|1|[Contemporary, Sandwiches]
566|47.153923|-112.638072|75278|1|[European]
567|34.978872|-105.844248|38068|5|[Deli, Indian]
568|31.561033|-88.859000|31901|2|[French, Burgers]
569|28.581224|-97.714001|71151|2|[Mongolian, American]
570|45.488597|-109.541725|58289|4|[Diner]
571|42.938429|-75.758027|52984|1|[Pakistani]
572|36.330408|-123.572573|27726|2|[Salad, Deli]
573|38.800212|-104.677309|68045|4|[Healthy, European]
574|33.802709|-79.871174|44868|2|[American, Austrian]
575|28.575829|-85.574966|57500|3|[Seafood, International]
576|45.345645|-79.706922|91140|2|[American, Mediterranean]
577|35.152106|-77.188300|62611|5|[Coffee, American]
578|39.268405|-118.313575|39317|5|[American, European]
579|27.629313|-109.386172|43262|2|[Contemporary, International]
580|36.268501|-121.477338|30126|5|[Deli, European]
581|37.193805|-84.813454|73842|2|[Creole, Cajun]
582|29.816937|-76.785956|89050|2|[Burgers, Californian]
583|32.885254|-71.123619|31857|2|[Bistro, American]
584|46.854401|-77.504522|59026|2|[Persian]
585|41.433158|-78.679277|60531|3|[Pasta]
586|42.262328|-102.720686|70853|1|[Cajun, Pizza]
587|27.189582|-108.792375|59758|3|[Persian]
588|31.570708|-90.256479|40021|4|[Pizza]
589|30.712158|-74.659788|37514|4|[Fusion]
590|44.139160|-122.566835|99956|5|[Smoothies]
591|48.610082|-84.427941|31268|5|[American, Fish And Chips]
592|26.977465|-99.951155|22460|5|[Juices]
593|29.110534|-97.453856|77060|5|[Asian, Californian]
594|38.605581|-120.992173|74852|5|[American, Californian]
595|31.134512|-74.833525|98631|1|[American, Cajun]
596|36.625850|-97.544116|99364|3|[Seafood]
597|25.605211|-102.306959|47891|1|[American]
598|42.905171|-110.656008|15220|2|[American]
599|46.116646|-89.434897|42223|5|[Pakistani]
600|25.645700|-114.700884|85324|5|[American, Continental]
601|33.214792|-86.460934|29604|4|[Southwestern]
602|32.154674|-107.224496|22980|5|[Coffee]
603|27.135260|-93.638167|38517|1|[European, Mediterranean]
604|29.356593|-79.649437|56751|2|[Smoothies]
605|36.919154|-115.224706|61384|4|[Tapas, International]
606|24.800360|-83.845787|30982|3|[Fusion, American]
607|25.546967|-78.957764|11994|1|[Coffee]
608|47.892015|-86.909045|78503|2|[Middle Eastern, Mongolian]
609|48.439037|-106.916534|30269|3|[Italian, European]
610|47.842226|-76.287345|50064|1|[Diner]
611|28.153704|-92.246595|65996|2|[Chinese, Bistro]
612|26.525268|-69.284250|22479|5|[Subs]
613|46.964767|-105.489477|39197|1|[Salad]
614|29.267434|-85.571988|98154|5|[Fusion]
615|38.391644|-70.502982|81782|1|[Pizza, Subs]
616|38.153532|-83.246740|29563|4|[Bistro]
617|45.555245|-79.586505|76902|3|[International]
618|42.818129|-70.373376|55827|4|[European]
619|48.817340|-121.910437|50854|4|[Bistro, Californian]
620|44.286543|-95.896215|78810|2|[International, Grill]
621|39.589136|-93.138550|14326|1|[Mediterranean, American]
622|28.154743|-93.455665|23740|3|[Salad, Tex Mex]
623|43.486348|-104.285277|72530|1|[Mexican]
624|48.589812|-116.465166|36242|4|[Californian]
625|40.227040|-115.411785|66238|1|[International]
626|38.775754|-102.563781|18008|1|[Salad, Continental]
627|32.796658|-91.497839|60430|5|[Tapas]
628|33.773995|-121.930261|38074|1|[Fusion]
629|25.478024|-99.494873|94772|1|[Indian]
630|35.980478|-120.501248|39073|1|[Seafood]
631|47.454006|-92.660204|25897|3|[Indian]
632|47.533313|-122.889184|95229|3|[Tapas, Tapas]
633|45.644431|-85.978844|49395|1|[Middle Eastern]
634|48.708175|-82.174459|14117|3|[Diner]
635|38.751506|-123.613747|94088|1|[Seafood, Mediterranean]
636|41.449457|-88.323834|92394|1|[European, European]
637|31.949132|-111.526546|41024|1|[Steak]
638|33.109655|-115.730983|78997|5|[German]
639|38.916610|-110.450422|72399|4|[Mongolian]
640|42.395296|-92.920674|95500|1|[Burgers]
641|43.457123|-123.672584|72314|3|[Healthy, European]
642|26.285101|-107.554593|17261|2|[Healthy, German]
643|31.777881|-87.121156|54332|5|[Pakistani]
644|38.815634|-100.152599|55041|2|[Burgers, American]
645|37.252008|-87.402689|85649|4|[Sandwiches, Cajun]
646|39.818712|-115.685261|40085|5|[American, Burgers]
647|39.114209|-104.690001|86515|5|[Italian, Italian]
648|43.322824|-101.133061|61285|3|[American]
649|24.476768|-81.641902|95176|4|[Mediterranean, Salad]
650|24.548748|-112.315939|66375|3|[Tex Mex]
651|25.751176|-92.634571|24957|2|[Greek]
652|32.276580|-87.755633|70166|2|[Burgers, American]
653|30.993567|-106.740678|25496|5|[Fusion]
654|34.566076|-108.686132|66672|4|[Pakistani, Subs]
655|40.191544|-77.817452|79261|1|[Tapas, Indian]
656|46.929499|-85.856703|53985|4|[Smoothies]
657|30.500110|-88.697632|86553|5|[Mongolian, European]
658|33.774675|-101.171767|83921|5|[Coffee]
659|45.600638|-102.479654|34677|4|[Asian, Diner]
660|35.206821|-84.185373|30781|1|[Seafood, Fish And Chips]
661|28.502745|-110.483861|93971|1|[Californian, Creole]
662|35.945943|-110.770459|74287|2|[Mexican, Healthy]
663|38.920515|-69.550161|78936|2|[Asian]
664|44.940278|-94.806694|67521|2|[American]
665|32.298047|-75.991850|83777|3|[Contemporary]
666|27.970485|-121.738860|53317|5|[Deli, American]
667|45.650807|-77.406878|32998|5|[European]
668|46.789562|-104.444027|48804|4|[Sandwiches]
669|34.893583|-91.886532|29840|4|[Steak]
670|37.579568|-92.648591|18897|3|[Pasta, Middle Eastern]
671|44.638182|-101.172364|19107|5|[European]
672|35.767240|-101.544017|75520|5|[Smoothies, Tapas]
673|32.524872|-119.409280|85934|1|[Mongolian]
674|43.134011|-119.177001|64092|2|[German]
675|45.205621|-72.481564|23605|2|[Middle Eastern]
676|37.283551|-98.756368|20198|5|[Healthy, Tapas]
677|32.161014|-98.608674|26691|4|[Diner]
678|29.515888|-83.623936|83330|2|[Austrian]
679|29.325606|-120.930689|34242|4|[International]
680|41.635168|-116.175866|46473|4|[Grill]
681|37.548988|-72.983925|17577|2|[Italian]
682|38.755772|-119.480059|73280|1|[American, Healthy]
683|45.903251|-95.213707|31134|1|[Asian, Continental]
684|47.169007|-98.675412|39792|1|[Asian, Deli]
685|28.183360|-79.677996|62424|4|[Seafood]
686|31.520496|-120.526462|41304|2|[International]
687|28.488173|-86.428489|34132|4|[Subs, Seafood]
688|47.576484|-86.600815|77144|3|[Persian, Mediterranean]
689|27.766562|-111.831678|87824|2|[Coffee]
690|35.374583|-89.362680|61546|5|[Continental]
691|36.458037|-101.151896|99090|1|[American, Pakistani]
692|40.768155|-105.867007|50361|3|[Mongolian]
693|29.597901|-82.316131|31496|5|[American, Steak]
694|43.101613|-122.778792|32847|3|[Healthy, Southwestern]
695|38.327163|-85.864095|23259|3|[French, Austrian]
696|35.451964|-108.601481|52287|1|[Sandwiches]
697|48.756839|-104.155435|43076|3|[Asian]
698|45.966514|-80.583512|66583|1|[European, Healthy]
699|34.712527|-115.601642|18566|2|[German]
700|40.150640|-120.422213|35276|5|[Burgers]
701|47.105371|-96.501302|43457|5|[Italian, European]
702|48.223033|-118.160193|27267|1|[European, Tapas]
703|43.787731|-109.190422|84029|2|[Indian]
704|29.731791|-117.652136|50112|2|[French]
705|40.465729|-72.508940|73414|3|[Healthy, Mongolian]
706|28.373499|-70.294283|37617|3|[Asian, Burgers]
707|43.999881|-116.392077|39447|1|[Seafood, Seafood]
708|31.183172|-93.577053|57014|3|[Salad]
709|43.409477|-95.809721|46135|3|[Smoothies]
710|37.340828|-119.823598|61388|3|[International, Continental]
711|44.807836|-124.813999|15599|2|[Sandwiches, Grill]
712|34.364884|-118.811219|77928|3|[Deli]
713|40.359527|-121.924185|72228|1|[Persian]
714|27.474035|-77.411572|49560|3|[Pizza]
715|26.993890|-76.950067|45489|3|[Diner, Cajun]
716|46.813035|-98.496689|38753|5|[Cajun, Salad]
717|27.549945|-88.739218|25850|2|[Pizza, Seafood]
718|45.586690|-110.737845|18229|5|[German, Greek]
719|42.448117|-75.418356|33664|3|[European]
720|34.912631|-69.191686|70161|5|[Deli, Tex Mex]
721|36.348203|-124.388672|26329|4|[French]
722|41.317511|-119.647885|26176|1|[Continental]
723|39.331394|-103.789579|37649|4|[Persian, Pakistani]
724|35.900546|-105.200053|59639|3|[Tex Mex, Austrian]
725|46.963371|-79.931842|65305|5|[Coffee]
726|31.495101|-101.461043|84804|3|[Californian]
727|26.967345|-117.616658|79974|3|[Cajun]
728|27.600494|-83.681661|66527|3|[Fish And Chips]
729|41.718023|-96.574560|35340|2|[American, European]
730|31.817266|-107.562081|88450|5|[Healthy]
731|41.508563|-91.272218|45869|4|[Southwestern]
732|44.283971|-103.957456|11445|4|[Greek, Chinese]
733|47.260889|-115.821991|16438|3|[Deli]
734|36.252007|-110.920597|77178|5|[Fish And Chips, American]
735|44.800596|-71.657889|21171|1|[Pizza, Continental]
736|37.781189|-72.808075|47861|5|[Fusion]
737|29.896951|-90.479653|76594|5|[Seafood, American]
738|43.957708|-116.144343|34802|3|[Fast Food, Mexican]
739|24.626619|-99.510352|26280|5|[German]
740|48.436969|-118.229519|65743|1|[Deli, Californian]
741|38.534759|-98.432058|86542|3|[Austrian, Creole]
742|25.364614|-123.464896|35824|3|[Mediterranean, Burgers]
743|27.916184|-79.426644|14475|5|[Diner, Seafood]
744|29.633604|-88.560921|85524|3|[Mediterranean, Asian]
745|27.351992|-103.140261|61645|3|[Contemporary]
746|47.431691|-94.300745|69167|1|[Seafood]
747|32.651842|-74.938432|63903|5|[Bistro, Chinese]
748|37.675988|-107.737209|26275|5|[International]
749|42.854906|-102.498834|78694|1|[Grill]
750|46.661266|-79.762657|30777|4|[Mexican]
751|31.440173|-99.388434|13354|1|[Steak, Fusion]
752|41.571227|-124.635221|44853|1|[Pizza]
753|39.588206|-75.582164|20778|1|[Mediterranean]
754|37.141473|-92.709708|20453|3|[Mediterranean, American]
755|41.604240|-70.224430|77685|4|[Diner]
756|48.504088|-107.210613|35129|2|[Austrian]
757|46.451960|-99.419409|22105|4|[American]
758|46.182699|-101.566874|34640|1|[Contemporary]
759|44.898995|-117.709362|48248|3|[Persian]
760|31.341247|-118.978238|52448|2|[Salad]
761|32.142632|-105.994780|97141|5|[Steak]
762|40.189070|-101.877738|58657|4|[Mediterranean]
763|28.840977|-69.124433|85977|3|[Creole, Fast Food]
764|36.387669|-94.922899|47541|5|[Healthy]
765|47.541725|-101.600207|53660|1|[Cafe, Mexican]
766|41.721927|-100.910438|20305|4|[Steak, Contemporary]
767|32.417905|-122.303732|54755|5|[Southwestern]
768|36.892624|-117.387696|43975|2|[Californian, Contemporary]
769|40.847603|-83.902283|15502|3|[Italian, Deli]
770|41.437479|-90.624049|90117|1|[Bistro]
771|28.294846|-77.814337|84358|5|[American, American]
772|31.593794|-84.583241|10318|3|[Pizza, Tex Mex]
773|31.337315|-118.907159|32785|1|[Mongolian, American]
774|38.963968|-106.776094|15080|1|[Middle Eastern, Seafood]
775|47.937326|-112.982147|29083|2|[German]
776|47.833994|-118.494557|48910|3|[Smoothies]
777|45.477854|-84.105272|61648|5|[Cajun, Diner]
778|38.374380|-97.202559|29494|5|[Diner, American]
779|28.504546|-121.983990|95694|2|[Contemporary, European]
780|38.724660|-104.126682|56990|1|[Middle Eastern, Indian]
781|28.249950|-77.501070|84339|5|[Smoothies, European]
782|33.413459|-97.531039|74722|3|[Fusion]
783|45.803155|-115.208299|44402|3|[Austrian, Burgers]
784|38.176510|-122.436431|91410|2|[Pizza, Southwestern]
785|30.729418|-98.159180|55020|2|[Fusion]
786|42.671960|-70.977383|80668|2|[International, Cajun]
787|43.757707|-93.829786|20016|3|[American]
788|32.158707|-121.765127|20571|3|[Pakistani]
789|40.289164|-106.221834|57463|3|[Middle Eastern, International]
790|33.918627|-110.576832|75322|1|[Salad]
791|42.504472|-90.610974|36998|1|[Californian, Pizza]
792|25.508523|-88.988622|20053|4|[Middle Eastern]
793|24.680738|-91.739392|43465|1|[Fish And Chips]
794|38.664025|-69.718028|24146|4|[Mexican, Smoothies]
795|41.680781|-95.612011|83794|5|[American]
796|36.725986|-72.363566|29557|4|[Tex Mex, Indian]
797|38.680424|-86.508580|21367|4|[Creole]
798|33.845167|-102.590991|18240|5|[European, Juices]
799|29.291964|-83.916911|68753|3|[Italian, Sandwiches]
800|48.544496|-121.322220|87491|4|[German]
801|45.554133|-84.611851|30326|2|[Southwestern, Chinese]
802|46.403880|-122.862213|42743|2|[Mediterranean]
803|46.594273|-117.146993|92114|3|[Chinese, Mediterranean]
804|28.299911|-103.662530|82017|1|[Seafood]
805|32.552549|-105.318718|85901|3|[Deli, American]
806|40.509547|-121.408801|18738|4|[American]
807|38.648530|-79.555889|78298|3|[Californian, Salad]
808|34.258465|-80.319465|60615|2|[Deli, Creole]
809|42.614769|-87.385264|68461|4|[Tex Mex]
810|32.945101|-110.668341|97403|3|[Grill, Steak]
811|30.478859|-90.723700|36175|5|[Grill]
812|47.974789|-83.759625|34566|3|[Mediterranean]
813|48.468144|-122.328826|51127|2|[Pasta]
814|37.347017|-119.653110|25529|1|[Sandwiches, Asian]
815|39.782640|-85.771826|36367|1|[Chinese]
816|25.712642|-79.694401|52057|5|[Chinese]
817|29.674240|-117.888355|72099|1|[European]
818|39.507698|-73.732005|31892|5|[European]
819|28.606076|-97.426536|98509|2|[American]
820|45.542361|-79.613784|26706|3|[Pakistani, International]
821|28.583426|-84.907314|64055|1|[French, European]
822|46.378052|-103.747288|75183|4|[Pizza, Chinese]
823|36.351232|-113.659889|13380|2|[Burgers, Pasta]
824|29.673678|-73.660124|72030|5|[Persian, Continental]
825|41.347733|-75.712240|74340|4|[Bistro, Pasta]
826|47.660082|-86.247141|74159|2|[American, German]
827|42.472985|-86.302909|39009|2|[Tex Mex]
828|25.457992|-96.510992|48888|2|[Fast Food, Steak]
829|37.874198|-81.863440|84120|2|[Contemporary, Persian]
830|45.251998|-96.868655|85988|4|[Middle Eastern, Pakistani]
831|40.789891|-94.140515|27778|1|[Coffee, Creole]
832|33.543184|-83.334130|36640|1|[Mediterranean]
833|43.979646|-105.396557|41360|3|[Fish And Chips, Fusion]
834|34.367818|-88.723707|18182|5|[Middle Eastern]
835|41.562063|-117.773332|27289|2|[Pasta]
836|32.238918|-77.493166|45719|1|[Fusion, Fast Food]
837|44.955456|-108.534687|84786|1|[Middle Eastern]
838|24.604739|-107.930824|46385|2|[Diner, American]
839|48.672506|-92.677751|54117|1|[Pizza]
840|41.400337|-75.789420|12029|3|[Mediterranean]
841|48.760390|-121.255256|61522|4|[Salad, European]
842|33.531096|-108.510994|65190|2|[Indian]
843|48.386229|-110.234354|76211|3|[Deli]
844|27.483261|-97.401124|41365|5|[Deli]
845|33.392368|-90.434874|68226|2|[Fast Food, Persian]
846|31.628324|-121.620463|19246|2|[American, Cafe]
847|34.349683|-123.841417|97291|3|[Seafood, Californian]
848|47.153411|-81.700505|91085|2|[Fusion]
849|43.172744|-89.653986|41938|1|[European, Burgers]
850|28.625578|-114.187743|56505|5|[Healthy, Creole]
851|31.307513|-73.526089|14930|5|[Tex Mex]
852|33.687268|-84.433255|24419|5|[Fusion, Indian]
853|47.218347|-113.391705|36647|5|[Burgers, European]
854|39.521281|-85.372172|44094|3|[Asian, Cafe]
855|37.561736|-116.119079|18770|2|[Subs, Austrian]
856|35.409452|-110.248253|34195|2|[Grill]
857|48.138663|-74.443739|61178|4|[Mediterranean]
858|31.709856|-69.413113|45312|3|[International, American]
859|41.913259|-88.100918|54764|5|[Pizza]
860|28.995596|-113.610421|12190|3|[Juices, Fusion]
861|46.649194|-86.328779|27020|1|[Cajun, American]
862|28.572593|-108.378186|82339|2|[Diner, French]
863|41.272975|-119.672219|59678|5|[French]
864|36.827165|-121.845724|73458|3|[Burgers]
865|36.646769|-122.614913|40013|4|[Healthy, Seafood]
866|26.336134|-114.741890|47340|4|[Grill, Californian]
867|45.555919|-89.151745|72162|2|[Cafe]
868|35.440578|-84.857656|47757|1|[Creole]
869|30.203203|-113.498430|93042|3|[Mediterranean, American]
870|47.795351|-109.399190|91252|4|[American, Creole]
871|31.364746|-86.192082|69133|2|[Diner]
872|28.894811|-124.282753|71224|2|[American]
873|36.991427|-82.255377|73285|5|[Diner, Burgers]
874|26.142890|-99.810309|12500|5|[American]
875|48.179036|-109.288864|72798|4|[Pizza]
876|29.726013|-117.105216|93041|5|[American, European]
877|25.273906|-90.421755|63769|2|[Fast Food]
878|38.989913|-113.858300|47984|2|[Italian, American]
879|36.130758|-80.518511|51794|5|[International, Mediterranean]
880|38.693504|-100.521622|71665|3|[Seafood, Creole]
881|25.344535|-124.110757|25109|4|[Bistro]
882|39.699782|-122.871594|42160|2|[American]
883|30.385088|-124.469479|61596|1|[American, American]
884|35.898539|-75.829346|84880|4|[French]
885|44.674621|-95.373148|59780|5|[Cajun]
886|28.947990|-103.142303|86463|2|[Grill, Greek]
887|32.732496|-104.393115|84659|3|[Californian, Asian]
888|24.442271|-110.293208|16271|3|[American, Deli]
889|24.339309|-109.851680|78243|1|[Californian, Salad]
890|27.728606|-94.567581|72026|3|[Continental, Seafood]
891|43.352891|-103.437499|82849|3|[Mongolian]
892|31.976373|-96.779420|87155|4|[Seafood]
893|28.118360|-78.370432|69715|2|[Healthy]
894|42.289983|-82.420033|21549|1|[Pasta, Seafood]
895|36.257327|-93.832588|31803|3|[Mediterranean]
896|28.187296|-101.538436|89838|3|[Chinese]
897|38.114593|-99.728132|99390|2|[American, Fish And Chips]
898|35.124758|-90.852730|86097|3|[Deli, Tex Mex]
899|25.478110|-113.482938|81241|1|[American]
900|32.843109|-87.646439|28341|5|[Mediterranean]
901|43.125387|-107.694004|59702|5|[Southwestern, Bistro]
902|42.664303|-108.693715|97843|1|[Cajun]
903|45.584313|-86.209468|26194|5|[Salad]
904|26.828916|-105.895352|41043|3|[Cafe, Californian]
905|29.291635|-107.124849|63689|2|[Continental, Grill]
906|30.445627|-114.102147|82864|3|[Seafood, Continental]
907|37.146991|-85.978387|85306|3|[Deli, Continental]
908|40.684692|-103.962784|42245|3|[Deli]
909|30.283682|-97.883741|65577|1|[American, Smoothies]
910|41.601163|-103.447542|47411|3|[Continental, Asian]
911|45.618241|-92.620118|63934|5|[Cafe, American]
912|39.229742|-115.152554|38301|3|[Burgers]
913|39.274141|-102.156434|37859|3|[Pasta, Fusion]
914|45.787324|-80.326721|51946|1|[Bistro]
915|32.730597|-100.290478|57910|5|[Mongolian, Tex Mex]
916|33.416825|-71.888999|21209|2|[Greek]
917|27.155466|-109.582591|72764|3|[Salad]
918|30.685691|-81.434619|51777|1|[Austrian, Healthy]
919|41.777212|-79.369479|40821|2|[Austrian]
920|43.296421|-82.445908|64559|2|[Continental]
921|25.871922|-98.595156|80267|2|[Italian, Salad]
922|28.866404|-113.921707|67651|4|[Fusion]
923|37.786278|-118.989652|15934|3|[Sandwiches, Mediterranean]
924|46.875301|-110.438838|46680|3|[Californian]
925|43.146477|-85.848035|30510|1|[Mediterranean]
926|33.638881|-112.744593|47399|3|[Tex Mex]
927|39.746553|-89.510741|30308|2|[Californian, American]
928|38.465483|-78.131817|40567|1|[Pasta]
929|32.616352|-93.718091|95004|4|[Deli]
930|25.625955|-119.687349|95275|5|[Fusion]
931|47.244722|-100.825462|72032|2|[Californian, American]
932|34.893363|-84.967291|21495|2|[American]
933|38.108320|-97.512112|42633|1|[Diner, Grill]
934|26.317222|-115.423430|44249|4|[Burgers]
935|30.596378|-81.825728|31356|5|[International]
936|33.588991|-88.746285|96159|5|[Coffee]
937|25.291926|-79.632606|30764|3|[Deli]
938|28.169784|-104.215744|68679|1|[Californian]
939|30.594727|-84.298092|44078|5|[European]
940|35.229242|-123.394148|53365|1|[French, Deli]
941|48.131483|-91.123451|75161|3|[Fast Food, Mediterranean]
942|28.855474|-110.770046|12040|5|[Subs, Persian]
943|27.340969|-107.829171|35765|2|[American]
944|26.574843|-71.272603|48480|2|[Pizza]
945|29.479584|-104.299541|18645|2|[French]
946|42.845537|-117.659289|94245|5|[American]
947|29.473820|-74.914343|79685|4|[Pasta, Subs]
948|31.806156|-103.170951|46448|5|[Steak, Californian]
949|44.459646|-94.369227|37388|3|[Coffee]
950|26.719130|-78.183061|15918|3|[American]
951|27.666884|-69.597870|45128|1|[Middle Eastern, Diner]
952|35.544505|-122.250312|70762|1|[European, Mediterranean]
953|47.680708|-90.638289|60840|4|[Bistro]
954|45.442589|-99.964538|23200|1|[Burgers, Sandwiches]
955|36.141546|-79.788811|67520|3|[Mediterranean]
956|39.895348|-89.327769|47413|5|[European, German]
957|44.512651|-71.208355|13184|3|[Mexican]
958|34.838653|-106.233681|44972|1|[Tex Mex, Pizza]
959|45.868029|-104.968101|80913|3|[International, American]
960|25.838161|-117.120888|37950|3|[Seafood]
961|31.173610|-92.587856|61063|3|[European, Austrian]
962|44.356693|-114.638802|64828|4|[Coffee, Californian]
963|25.820893|-91.771825|39310|2|[Sandwiches, Chinese]
964|46.826236|-87.578251|55227|4|[Bistro]
965|40.327330|-90.898867|51030|2|[Grill]
966|42.543125|-117.767585|94021|4|[Deli, Cajun]
967|31.487065|-80.567808|78334|2|[American, Continental]
968|42.592921|-117.260533|55057|4|[Subs]
969|26.682568|-114.989693|27061|3|[Fast Food]
970|31.745302|-103.515902|37344|1|[Burgers, Persian]
971|29.423583|-97.461976|96605|4|[European]
972|32.470046|-82.562797|48538|2|[Southwestern, Burgers]
973|34.650551|-81.972360|90858|3|[Healthy]
974|41.608207|-114.338486|73279|2|[Californian, Grill]
975|43.513721|-114.188687|59129|4|[German]
976|42.558459|-119.146678|46589|3|[Juices, Burgers]
977|41.789235|-83.783220|49075|1|[Pizza]
978|47.181027|-92.865406|94808|4|[Fast Food]
979|33.508856|-109.240933|60068|5|[Pizza, Fusion]
980|27.999399|-79.313155|77386|5|[American, Mongolian]
981|28.769303|-121.161253|17149|5|[Cafe]
982|40.161365|-92.427098|25976|1|[Greek]
983|44.778222|-124.685477|13470|4|[Mongolian]
984|26.994582|-114.570115|42150|3|[Grill, Burgers]
985|46.617825|-123.452840|33872|3|[Chinese]
986|31.231316|-69.301061|77308|5|[International]
987|26.766184|-93.285578|56638|4|[Fusion, American]
988|29.712467|-102.242377|74586|5|[Fusion]
989|24.141046|-101.275456|58018|5|[Mediterranean, Seafood]
990|28.950509|-107.627679|19798|3|[Austrian]
991|34.686773|-95.917660|89038|3|[Tapas, Californian]
992|40.838353|-74.215893|50270|3|[Seafood]
993|36.527330|-99.535303|13712|5|[Mongolian, Cafe]
994|36.607180|-77.382342|60399|5|[Burgers]
995|36.596543|-80.404778|62438|1|[Healthy]
996|38.813362|-84.136036|21209|2|[Indian]
997|48.356837|-87.940631|50908|4|[Fast Food]
998|48.395479|-111.871131|86561|2|[Continental, Southwestern]
999|45.458743|-88.127217|49413|3|[Tapas]
1000|36.959252|-70.365383|17020|2|[Salad]
1001|46.950006|-74.507335|84101|1|[International]
1002|44.193849|-100.935712|91078|1|[Fast Food, Continental]
1003|26.226922|-76.385906|30439|4|[European]
1004|38.767304|-100.872053|55375|4|[Contemporary, Healthy]
1005|30.224076|-88.284172|10358|3|[International, Persian]
1006|38.582269|-91.397588|29581|1|[Pizza, Chinese]
1007|29.404333|-75.797714|91500|5|[French, Mediterranean]
1008|29.132924|-91.503770|84613|1|[Cafe]
1009|36.761441|-114.852578|21708|3|[Californian]
1010|47.927066|-104.595702|53065|1|[Mexican, Creole]
1011|40.316423|-107.299480|87954|4|[Subs, American]
1012|39.251140|-118.266202|78806|1|[Asian, Salad]
1013|26.569379|-102.746219|37901|1|[Smoothies, Southwestern]
1014|30.906117|-89.114933|39299|4|[Healthy, American]
1015|34.453781|-113.773354|61238|4|[European]
1016|48.886623|-106.572108|90283|2|[American, Continental]
1017|35.964254|-111.357030|85711|1|[Grill, Fusion]
1018|37.358320|-117.378673|50200|1|[Grill, French]
1019|30.858201|-106.260166|42207|5|[American, Continental]
1020|24.451731|-83.306184|64334|1|[American]
1021|26.784785|-101.108004|13054|3|[Grill, American]
1022|32.955370|-123.409277|48853|4|[Tex Mex]
1023|41.165320|-87.387193|62439|1|[American, Greek]
1024|41.291211|-74.226116|25919|4|[Sandwiches]
1025|47.908666|-113.851529|45434|1|[Persian]
1026|37.774332|-95.402608|74333|1|[French]
1027|44.471037|-106.776998|85126|5|[Burgers, Cajun]
1028|30.900893|-75.975423|87538|4|[International]
1029|47.350042|-114.127635|67829|3|[Californian]
1030|24.294991|-118.788090|20928|2|[Chinese, Persian]
1031|31.397123|-76.747424|59782|3|[Californian]
1032|29.734375|-98.814590|11318|1|[Coffee]
1033|44.240446|-71.564006|23210|1|[Deli, Continental]
1034|42.176276|-123.914590|65897|4|[Southwestern]
1035|35.478408|-82.550119|28234|4|[Italian]
1036|28.565221|-119.444822|59466|1|[Mediterranean, Mediterranean]
1037|38.197994|-93.817775|65855|5|[Deli]
1038|36.114684|-104.526901|63343|5|[Californian]
1039|44.179171|-69.183033|19914|4|[French]
1040|31.141066|-105.379694|10872|4|[Continental, Greek]
1041|47.938652|-72.221463|53171|1|[Greek]
1042|29.773028|-108.470063|18441|3|[Sandwiches]
1043|26.923719|-113.687872|11268|3|[American]
1044|26.632725|-88.757376|24762|3|[Pizza]
1045|30.284325|-91.528082|29879|5|[Seafood]
1046|35.871275|-86.514936|97774|2|[Burgers, Californian]
1047|30.184434|-90.151329|60658|5|[Pasta, Californian]
1048|39.562884|-96.987258|48669|4|[International, Californian]
1049|30.338950|-124.766657|69024|2|[Indian]
1050|48.178117|-94.596150|36584|3|[Austrian, Middle Eastern]
1051|43.713332|-69.419981|32123|5|[Austrian, Steak]
1052|29.300135|-97.207271|40361|2|[Subs, Bistro]
1053|25.664476|-76.379994|50055|2|[Contemporary, Tex Mex]
1054|33.561828|-100.368722|18959|4|[Asian]
1055|31.830284|-88.398312|58959|5|[Mediterranean]
1056|45.494996|-111.564902|86571|5|[Deli]
1057|25.138767|-123.109332|15641|3|[Bistro, Greek]
1058|28.405813|-75.131115|20841|2|[American, Creole]
1059|39.455978|-90.908516|91996|2|[Steak]
1060|36.545256|-120.994835|13546|4|[Bistro, French]
1061|25.210368|-69.476269|74034|3|[Fast Food]
1062|42.987908|-78.371083|97719|1|[Tapas, Creole]
1063|46.368266|-107.382874|67494|3|[Californian, Chinese]
1064|37.518968|-119.672424|52690|5|[Californian]
1065|33.193193|-78.111507|28069|4|[Fast Food, Smoothies]
1066|48.435009|-90.866968|72717|4|[Californian]
1067|32.323157|-120.790253|29882|2|[Middle Eastern, Californian]
1068|39.572921|-104.827381|93341|4|[Bistro, Deli]
1069|39.934968|-93.815870|61014|3|[Grill]
1070|43.566870|-86.579762|37227|3|[Bistro]
1071|34.122985|-90.206926|96714|4|[Burgers]
1072|34.866683|-121.166046|42585|1|[Tex Mex]
1073|38.290238|-81.272509|15487|5|[Grill]
1074|32.216478|-105.745464|86493|5|[Burgers]
1075|27.747244|-73.381230|17855|3|[Southwestern]
1076|37.217398|-81.573935|99842|3|[Seafood, Juices]
1077|25.489925|-103.692935|67808|3|[Southwestern, Tex Mex]
1078|33.728635|-124.805284|23953|1|[Deli, Pakistani]
1079|32.305930|-101.233546|86499|1|[Cafe]
1080|36.114324|-78.146835|84125|1|[Smoothies, Grill]
1081|37.243509|-107.318618|60901|2|[Contemporary]
1082|34.350350|-102.355786|26168|1|[Deli]
1083|47.920175|-119.839659|46857|5|[Persian, Deli]
1084|47.683818|-93.184806|40115|2|[Burgers]
1085|26.664355|-86.219386|14856|5|[Seafood, Creole]
1086|48.176235|-90.367109|53342|5|[Contemporary]
1087|30.810261|-78.601994|78594|1|[Healthy]
1088|39.971167|-70.310647|34617|4|[Steak]
1089|38.656077|-81.878687|91938|5|[Creole, Seafood]
1090|41.225631|-78.899808|76477|5|[Grill, American]
1091|45.385708|-98.195966|28108|5|[Healthy]
1092|32.813008|-69.414830|22629|2|[Seafood]
1093|40.856597|-86.376647|63055|2|[Mediterranean]
1094|34.183066|-101.724020|36554|1|[Chinese]
1095|36.521876|-87.342424|63700|4|[Diner]
1096|27.500116|-103.858027|47866|2|[Coffee]
1097|47.451339|-81.642959|57694|3|[Burgers]
1098|38.255302|-102.320910|74521|3|[Fish And Chips, Juices]
1099|35.102887|-115.978913|40061|5|[Pakistani]
1100|37.287583|-98.139400|45777|3|[Mediterranean, Steak]
1101|34.587863|-102.453473|83890|1|[Pasta, Fusion]
1102|30.218606|-106.381293|13648|2|[Middle Eastern]
1103|43.163182|-69.568396|35695|4|[Burgers]
1104|39.847271|-74.596967|75346|5|[Austrian]
1105|31.971259|-113.669612|32629|2|[Southwestern, Cafe]
1106|34.836058|-122.554169|10412|4|[Bistro]
1107|38.662309|-103.664362|13016|1|[Californian]
1108|39.749842|-77.404393|21757|5|[International]
1109|47.318302|-81.685028|90404|2|[Diner]
1110|35.255190|-70.874126|72857|1|[Healthy, Mexican]
1111|33.805274|-111.920068|58351|3|[Steak, Pasta]
1112|44.352574|-86.371805|40958|4|[French, Diner]
1113|36.434252|-71.104987|51182|4|[Californian]
1114|46.839298|-122.970025|72383|3|[Tapas]
1115|48.422585|-99.688960|41359|5|[Bistro, Coffee]
1116|37.346754|-115.424598|82934|5|[Mongolian, Subs]
1117|41.654314|-110.119064|51961|4|[Continental, Californian]
1118|47.788673|-77.987820|51391|2|[Middle Eastern, Burgers]
1119|36.888120|-106.421759|89641|4|[International]
1120|42.574349|-123.823737|15725|5|[Californian]
1121|36.666307|-103.534716|87696|4|[Salad, American]
1122|26.117410|-120.275980|21403|3|[Pizza, Persian]
1123|26.105975|-79.335225|59705|5|[Healthy]
1124|37.919357|-78.956811|78272|1|[Indian, Cajun]
1125|29.650593|-74.787060|24590|4|[Deli]
1126|46.719938|-120.492569|89911|5|[Asian]
1127|37.883037|-108.239806|82530|3|[Contemporary, Juices]
1128|32.787781|-71.282333|89649|2|[Fish And Chips]
1129|41.432093|-100.773051|74010|4|[Mediterranean, French]
1130|36.661646|-84.475158|25348|1|[Fast Food, Mediterranean]
1131|39.650116|-118.250738|33823|3|[Grill]
1132|45.358887|-114.318774|40949|5|[Mediterranean]
1133|45.169986|-95.436875|96190|2|[European]
1134|26.395177|-72.429019|98502|5|[Contemporary]
1135|34.296158|-97.694373|53372|2|[Asian]
1136|26.411455|-107.805874|57002|2|[Bistro]
1137|42.165952|-110.994687|66967|3|[Tapas]
1138|39.867053|-118.671419|60836|4|[Tapas]
1139|40.543388|-80.763276|11093|2|[American, American]
1140|35.969132|-112.465716|40583|5|[Italian]
1141|45.105154|-99.615727|36475|3|[Persian, Coffee]
1142|43.736507|-80.435340|28937|4|[German]
1143|29.721677|-104.379757|70855|1|[Continental]
1144|27.316726|-70.170697|98229|5|[Greek]
1145|45.930969|-94.352168|11404|4|[Mexican]
1146|37.205630|-69.115755|91188|5|[French, Fusion]
1147|25.313032|-95.800135|53429|1|[Continental, Sandwiches]
1148|47.559603|-107.163484|72542|1|[Deli, Mediterranean]
1149|30.233723|-78.358721|50209|4|[Southwestern]
1150|34.852715|-86.780395|55923|2|[French]
1151|45.103252|-86.892595|90648|2|[Asian, Greek]
1152|35.801821|-87.586148|73410|3|[Southwestern, International]
1153|26.867310|-117.163552|31662|4|[Asian]
1154|32.744195|-71.754756|59619|1|[Middle Eastern, American]
1155|35.487214|-81.662781|32929|4|[Creole]
1156|42.935776|-124.986437|73885|5|[Continental]
1157|28.226740|-107.449258|55545|1|[French, Tapas]
1158|36.616835|-70.594234|88711|1|[Italian, Southwestern]
1159|43.809065|-93.359120|64709|5|[American]
1160|31.111128|-74.518158|90366|2|[European, Fish And Chips]
1161|44.585140|-122.620446|25449|1|[International]
1162|30.274857|-84.777666|43847|4|[Persian]
1163|28.227884|-72.421411|75829|2|[Seafood, Seafood]
1164|27.627961|-70.118226|61717|5|[Seafood, Continental]
1165|24.865553|-97.726684|18714|2|[Fast Food]
1166|47.393954|-77.208767|61373|2|[Sandwiches, Cafe]
1167|33.697846|-104.299818|63587|3|[Salad]
1168|43.678878|-108.640851|55483|3|[Indian, Southwestern]
1169|29.877626|-79.515521|49793|4|[Pakistani, Cajun]
1170|38.969956|-93.955243|90013|3|[Fast Food, Californian]
1171|37.188546|-123.263773|56768|2|[Indian, Burgers]
1172|30.648612|-83.823939|27025|3|[Seafood, Cafe]
1173|45.377958|-92.584827|32973|4|[Bistro, Grill]
1174|32.288435|-80.694685|69499|1|[Pakistani]
1175|39.694281|-94.714360|78961|5|[French, European]
1176|48.876644|-88.822781|71548|1|[Persian, Greek]
1177|34.321810|-102.172531|75449|3|[International]
1178|36.130409|-89.274641|38775|4|[American, Californian]
1179|38.240086|-108.866674|37339|3|[Fusion, Diner]
1180|26.735379|-79.360956|55374|3|[International, European]
1181|24.527861|-107.276664|49643|4|[American, Mediterranean]
1182|36.709747|-85.499641|49514|5|[American, Californian]
1183|27.895900|-117.822673|78903|1|[Deli]
1184|36.159652|-92.535600|57009|3|[American, German]
1185|37.379143|-95.139113|61083|1|[Mongolian]
1186|38.576216|-74.701460|24970|1|[Pizza, Pizza]
1187|28.194165|-101.429244|62450|1|[Californian]
1188|38.559074|-112.781863|98233|4|[German, International]
1189|45.592621|-77.345503|41253|2|[Mediterranean]
1190|39.474547|-90.665278|44564|5|[Creole, Pizza]
1191|44.260754|-109.693962|97927|3|[Contemporary]
1192|38.632659|-124.559497|23555|5|[Southwestern, Mexican]
1193|42.975071|-83.290684|24119|2|[Fish And Chips, Italian]
1194|29.355595|-118.241364|76116|4|[Healthy, Steak]
1195|33.885086|-78.804021|15080|5|[Healthy, Cafe]
1196|46.210067|-89.638036|45410|4|[Creole]
1197|41.860348|-103.989552|81281|2|[Pasta]
1198|24.326391|-112.533465|96740|1|[Mediterranean, Fast Food]
1199|24.161803|-71.731872|90557|5|[Seafood]
1200|27.878183|-109.184326|97127|1|[Healthy, Persian]
1201|34.726513|-95.873951|74156|1|[International, Fast Food]
1202|41.514919|-90.268184|43950|2|[American, Steak]
1203|45.978984|-91.348434|83522|2|[Indian]
1204|37.956357|-100.315496|71220|1|[Pizza, Deli]
1205|47.581577|-87.616749|23496|5|[International, Seafood]
1206|41.951341|-99.305353|29036|2|[Contemporary]
1207|45.113838|-87.655607|74026|3|[International]
1208|47.161211|-110.329975|49939|3|[Tapas]
1209|27.370074|-120.993897|10167|5|[American]
1210|47.541233|-106.948354|51256|5|[Salad, Fast Food]
1211|47.312405|-98.224947|45641|2|[Deli, Creole]
1212|43.945315|-119.948203|31336|5|[Mongolian]
1213|45.930668|-90.996147|45874|2|[Deli]
1214|44.303319|-97.494614|87099|2|[Mediterranean, Fast Food]
1215|37.243040|-101.319366|13684|1|[Grill]
1216|41.531330|-92.352963|62488|5|[Sandwiches, Mediterranean]
1217|45.597481|-114.725269|70965|3|[Cafe, German]
1218|31.514281|-118.410003|37099|4|[Healthy, Juices]
1219|40.926345|-77.996273|11891|4|[Greek]
1220|40.361832|-118.339282|42517|1|[Healthy]
1221|29.198263|-94.838382|20880|5|[Fish And Chips]
1222|34.972831|-72.208199|63689|3|[Asian]
1223|31.570596|-86.166201|48648|2|[Pakistani]
1224|43.341369|-114.374536|43625|1|[Cajun, European]
1225|31.637450|-89.127763|38768|5|[American]
1226|31.597965|-72.739950|26433|3|[Fusion, Austrian]
1227|39.470588|-118.250641|75486|4|[Pakistani, Persian]
1228|30.886297|-109.519115|61804|1|[Smoothies, International]
1229|42.607403|-123.750446|40949|4|[Burgers]
1230|48.117545|-111.688214|50465|2|[Chinese]
1231|26.972659|-85.332785|21513|5|[Mexican]
1232|44.796159|-110.844000|34817|1|[American]
1233|26.889468|-114.427359|52003|3|[Burgers]
1234|30.685528|-84.523455|81011|2|[Burgers, Healthy]
1235|27.481810|-84.830269|71749|3|[Greek]
1236|34.376427|-103.962778|40991|3|[International]
1237|40.494071|-102.150319|13205|4|[Healthy, Continental]
1238|33.751647|-109.779363|84741|5|[Southwestern]
1239|42.561697|-92.691780|58278|3|[Diner]
1240|24.718839|-111.446528|74108|1|[Sandwiches]
1241|28.721501|-77.647644|90259|2|[French]
1242|35.700405|-122.844265|17283|2|[Southwestern, Tapas]
1243|41.711042|-119.192501|65935|3|[Bistro]
1244|31.848936|-116.135193|36686|2|[Bistro, Creole]
1245|29.408821|-123.306084|32037|1|[Cafe]
1246|28.536115|-79.247819|14430|4|[Salad, Pizza]
1247|42.879319|-107.136931|49279|1|[Cafe, Fusion]
1248|47.545729|-111.361617|19420|1|[Fish And Chips, Fusion]
1249|36.719215|-100.257380|61615|1|[Salad]
1250|42.384240|-111.378871|71736|1|[Smoothies]
1251|46.213642|-105.758519|77357|2|[Seafood]
1252|42.690286|-105.341344|89968|1|[Deli, Diner]
1253|42.758831|-77.164482|18537|3|[Mexican]
1254|46.646936|-121.497300|16098|1|[Diner, Mediterranean]
1255|39.626437|-77.552249|97446|5|[American, Cajun]
1256|39.475624|-107.754654|55452|1|[Deli, Tapas]
1257|26.747024|-71.654091|63416|3|[European, International]
1258|44.132133|-119.713658|84128|3|[Healthy, American]
1259|39.377238|-90.104279|85848|5|[Pakistani]
1260|40.902566|-71.528197|14700|4|[International]
1261|24.389912|-100.474357|24405|3|[Bistro]
1262|36.927385|-122.948724|91836|5|[Deli, Chinese]
1263|31.122627|-104.519858|37143|5|[European, German]
1264|24.998548|-83.913237|17229|5|[Mongolian, Mediterranean]
1265|38.853433|-77.489751|43403|5|[Juices]
1266|46.865597|-124.797835|21661|5|[American, American]
1267|40.492926|-116.675904|97849|1|[Southwestern]
1268|47.917838|-124.731195|98830|1|[Tapas]
1269|44.501432|-97.840746|76640|3|[Indian, European]
1270|40.563002|-109.371909|26268|2|[Indian, Southwestern]
1271|31.438278|-88.424752|91874|3|[American, American]
1272|26.109146|-90.509302|21293|5|[European, American]
1273|29.986620|-87.124240|90033|2|[Austrian]
1274|30.873272|-92.587058|60039|5|[Indian]
1275|25.686630|-117.578476|16450|5|[Deli]
1276|32.851633|-83.358774|38090|3|[Continental, Juices]
1277|48.471246|-118.279279|85182|5|[Steak]
1278|38.980347|-81.783065|76367|4|[American, Burgers]
1279|46.834280|-122.346947|32122|3|[Creole]
1280|44.694750|-115.500919|98499|2|[Salad]
1281|44.812054|-73.164750|35693|2|[Greek]
1282|36.652361|-73.617215|61743|4|[Greek, American]
1283|45.101446|-91.435332|69250|1|[Burgers, International]
1284|48.873929|-105.378421|89575|1|[Persian]
1285|44.899510|-122.391250|51017|5|[Fast Food, American]
1286|24.992012|-114.518122|90158|2|[Salad]
1287|44.961766|-109.299943|33035|3|[Diner, Seafood]
1288|35.465907|-94.726805|50595|1|[Pasta, Italian]
1289|41.915473|-82.478230|17324|3|[Grill]
1290|31.740910|-105.964708|54875|4|[Healthy, American]
1291|33.112118|-90.960090|96968|1|[Creole, Middle Eastern]
1292|36.944195|-118.449883|75955|2|[Mexican, American]
1293|38.165105|-98.856627|99317|3|[German]
1294|44.619205|-84.802507|96227|2|[Cafe]
1295|29.582414|-69.480525|84890|3|[Coffee]
1296|32.924240|-105.836131|93930|1|[Deli, Austrian]
1297|47.619107|-118.866223|53801|1|[Smoothies, American]
1298|42.497489|-72.578186|99723|1|[Mediterranean]
1299|26.128071|-113.903782|81158|2|[Burgers]
1300|31.275873|-123.314948|87245|5|[Fast Food, Pakistani]
1301|30.994739|-123.135368|32706|5|[Mexican, Southwestern]
1302|29.104155|-100.332111|93596|3|[European, Pizza]
1303|41.317616|-77.766253|21174|3|[Pakistani, Tex Mex]
1304|45.233360|-120.780627|34028|2|[Greek, German]
1305|27.867261|-122.394079|41851|4|[American]
1306|48.904426|-84.862327|10250|2|[American]
1307|36.987587|-73.418029|45278|5|[Mexican, Burgers]
1308|48.848513|-108.628913|28123|4|[Contemporary, International]
1309|29.713490|-73.790893|95517|5|[Middle Eastern, Seafood]
1310|32.977492|-97.552927|87553|5|[Pizza]
1311|27.247025|-94.120895|84776|3|[Pasta]
1312|46.245588|-69.372301|58027|1|[Greek, Steak]
1313|27.324254|-117.719164|12569|3|[American]
1314|44.308324|-85.599662|42922|1|[Healthy]
1315|43.373283|-91.395436|46230|2|[Middle Eastern, Fish And Chips]
1316|28.108152|-114.437152|83881|5|[Healthy, Contemporary]
1317|44.309488|-76.888937|35094|5|[Tex Mex]
1318|48.320692|-82.644873|44125|5|[Continental]
1319|45.186807|-86.334419|54326|1|[Seafood]
1320|36.780341|-122.805581|41310|1|[German]
1321|42.915451|-69.260659|83205|1|[Californian, French]
1322|40.779016|-99.416668|21063|5|[Austrian, Diner]
1323|37.749644|-81.719788|65199|2|[Middle Eastern]
1324|26.876335|-122.807338|30760|4|[Bistro, Steak]
1325|26.231330|-91.581748|17590|4|[Austrian]
1326|42.878517|-123.513986|86613|2|[Fish And Chips]
1327|28.378037|-113.154608|98071|4|[Mexican, American]
1328|46.103031|-74.972926|91530|5|[Juices, Pakistani]
1329|34.542071|-106.268944|34181|2|[International]
1330|32.622150|-116.674339|51971|3|[Mongolian, Austrian]
1331|31.758013|-83.434330|75382|4|[European, Burgers]
1332|36.846529|-89.963979|39514|5|[European, Tex Mex]
1333|39.892809|-73.197985|30877|3|[Persian, Coffee]
1334|48.601279|-117.429622|81084|3|[Coffee]
1335|29.455526|-69.277147|98180|2|[Coffee, Sandwiches]
1336|31.747847|-70.768775|30620|2|[German]
1337|34.978694|-89.308158|30569|1|[American, American]
1338|45.406572|-103.698277|71594|5|[American]
1339|37.527399|-104.980753|69852|3|[Pizza, Italian]
1340|42.436718|-121.210964|63041|5|[Austrian, Sandwiches]
1341|39.170885|-71.457308|14696|2|[American, Bistro]
1342|44.848754|-100.999542|30078|5|[Californian]
1343|31.848513|-116.143446|16603|1|[Mediterranean, Grill]
1344|27.153788|-106.495018|22490|1|[Chinese]
1345|46.118059|-97.691553|38862|2|[Chinese, Pasta]
1346|38.964907|-122.965747|89629|1|[Mediterranean]
1347|30.816011|-95.826068|92508|1|[German]
1348|27.380000|-84.201372|30487|2|[American, Cafe]
1349|25.297023|-88.716321|45446|2|[Pizza]
1350|30.508718|-110.341306|44830|2|[Southwestern]
1351|34.559935|-84.979485|37099|4|[German]
1352|34.470647|-86.507146|83402|4|[Austrian, Cajun]
1353|38.273394|-118.581423|19036|1|[International, Juices]
1354|24.440108|-101.722639|58170|4|[Asian]
1355|33.337010|-107.875970|19709|2|[Burgers, Chinese]
1356|42.828548|-95.682765|77643|1|[Pizza]
1357|47.800507|-100.527824|66035|5|[Mediterranean]
1358|33.389112|-110.751402|77900|5|[American, Indian]
1359|48.580423|-72.804451|62126|2|[Contemporary, Deli]
1360|37.520999|-93.749961|13633|1|[Mediterranean]
1361|47.858758|-121.470043|76737|1|[Pizza, Contemporary]
1362|30.389041|-84.232901|73614|4|[Burgers, Californian]
1363|40.631871|-124.274726|66691|3|[European]
1364|37.261980|-82.812237|21782|4|[American]
1365|41.531319|-75.380753|77521|5|[Pizza]
1366|47.288915|-122.850304|96567|1|[Diner, American]
1367|30.487134|-91.685095|48295|3|[Cajun]
1368|32.989624|-124.950949|60708|3|[Deli, Fish And Chips]
1369|43.969394|-93.274872|57742|1|[Burgers, Greek]
1370|30.593188|-102.889492|90736|3|[Fast Food, Seafood]
1371|34.889234|-89.555737|15820|2|[Mediterranean, Californian]
1372|38.227220|-111.424261|71334|2|[Fast Food]
1373|40.504849|-97.945216|97183|2|[Chinese, Deli]
1374|28.480926|-103.977931|89324|2|[International, Chinese]
1375|26.194553|-86.761863|60064|5|[Chinese]
1376|36.783517|-79.706799|56404|3|[Grill, French]
1377|45.288570|-77.803001|13195|2|[German]
1378|43.472178|-82.779719|70834|3|[Sandwiches, Persian]
1379|43.658913|-79.146924|69059|1|[American]
1380|43.998932|-79.504457|25419|3|[American, Healthy]
1381|35.685730|-91.442574|52573|3|[European]
1382|31.554759|-108.111994|45591|1|[Mongolian, Tapas]
1383|45.615454|-95.607849|20641|2|[Juices, French]
1384|36.585398|-81.432924|23283|2|[Grill]
1385|24.170198|-70.299149|60658|4|[Mediterranean, Burgers]
1386|45.301800|-78.260192|98545|1|[Subs]
1387|30.391072|-110.663396|87518|3|[International, Asian]
1388|40.227127|-87.996358|24950|3|[Fish And Chips, Southwestern]
1389|31.971965|-118.915218|68475|3|[American]
1390|38.489879|-84.584837|37334|5|[Pasta]
1391|28.970989|-79.297851|21425|1|[Seafood, American]
1392|40.845096|-78.264557|50503|1|[Cafe]
1393|33.797253|-80.796531|81775|2|[Subs]
1394|35.284261|-69.781234|18967|3|[American, Deli]
1395|43.236977|-80.938737|80985|3|[Mongolian, European]
1396|44.822855|-107.928978|26002|4|[Juices, Middle Eastern]
1397|40.755771|-96.652804|12729|3|[Persian]
1398|43.999230|-102.867364|43660|1|[Cajun]
1399|39.906927|-119.502379|38448|2|[European]
1400|27.343540|-114.903721|23002|2|[Pakistani, European]
1401|25.364046|-123.126741|90377|4|[Burgers]
1402|45.901337|-111.924746|91729|2|[Austrian, International]
1403|34.917818|-85.331621|82090|5|[Greek]
1404|27.594081|-84.345050|42720|1|[Pakistani, Seafood]
1405|30.532726|-103.127935|17025|3|[Fusion, American]
1406|37.252595|-74.788797|66186|4|[Californian]
1407|36.928098|-82.166896|88149|5|[Chinese]
1408|38.662973|-114.796280|31316|5|[Persian]
1409|36.386940|-112.669088|94283|5|[European]
1410|34.638397|-78.792659|99148|2|[Juices, Pasta]
1411|39.528903|-73.765720|62220|2|[Subs]
1412|34.345246|-77.977751|63980|5|[Mongolian, Pizza]
1413|47.290653|-115.741204|53149|4|[European]
1414|33.344034|-118.511188|85158|5|[French]
1415|45.208729|-119.230303|41915|5|[Mexican]
1416|42.915675|-82.143086|14701|3|[Juices]
1417|31.325008|-90.838615|22809|4|[Italian]
1418|36.499162|-86.141969|45429|5|[Persian]
1419|45.745900|-108.894738|21457|1|[Fish And Chips, International]
1420|38.415418|-106.795526|87549|3|[Diner]
1421|47.129811|-102.180962|39396|4|[European, Steak]
1422|44.776343|-111.113299|99589|2|[American]
1423|32.384100|-94.932420|62727|4|[Steak]
1424|26.327559|-120.192781|99217|3|[Healthy]
1425|35.643174|-107.375718|29659|2|[Asian]
1426|41.272614|-83.755066|29756|4|[Contemporary, Asian]
1427|44.385226|-87.281174|81273|3|[Continental]
1428|43.605186|-79.441884|54160|5|[Coffee]
1429|26.773151|-107.195621|45404|2|[Grill, Continental]
1430|46.378181|-80.859797|53489|5|[Mexican, Coffee]
1431|24.820634|-76.464182|86410|4|[Californian, Californian]
1432|30.255787|-122.702289|14572|1|[Salad, International]
1433|46.731757|-104.765378|76097|1|[Coffee]
1434|46.952046|-99.871616|85630|5|[Persian, Bistro]
1435|35.451743|-88.895746|21001|4|[Greek]
1436|41.479475|-100.174023|78655|4|[American, European]
1437|29.181396|-98.379041|70002|3|[Fish And Chips, American]
1438|26.949375|-114.663808|22273|3|[Mexican]
1439|33.857299|-69.315017|95192|2|[Smoothies]
1440|26.508677|-119.244774|21645|1|[Fish And Chips, Mediterranean]
1441|48.896732|-109.210152|16338|5|[French, Californian]
1442|42.279861|-107.925245|61442|5|[Greek]
1443|37.610492|-122.719762|84213|4|[Smoothies]
1444|31.550713|-85.234897|57297|2|[German, International]
1445|34.135077|-112.334314|15942|1|[Californian, Grill]
1446|38.400482|-87.581503|61867|4|[Burgers]
1447|25.160315|-77.270708|80428|2|[Californian]
1448|27.613569|-83.990741|88943|4|[European, Mediterranean]
1449|32.140815|-71.958286|60608|4|[International, International]
1450|32.668987|-93.217174|66401|4|[Seafood]
1451|25.782094|-118.105051|53762|4|[American]
1452|34.652687|-82.749252|81542|5|[German, Chinese]
1453|24.658305|-90.571549|49379|4|[Greek, German]
1454|45.452273|-79.626566|61957|4|[International, International]
1455|25.748276|-94.723932|33318|4|[Southwestern]
1456|29.398425|-102.908040|29063|4|[Fast Food, Californian]
1457|34.665114|-71.318991|50687|1|[Subs]
1458|32.433343|-98.868068|37698|1|[Creole, Seafood]
1459|46.535602|-120.875656|28096|3|[Deli]
1460|41.409773|-86.962703|69197|3|[American]
1461|40.587623|-106.631992|36626|1|[Smoothies, Contemporary]
1462|46.924441|-69.241554|77699|2|[Healthy]
1463|44.655546|-74.713813|29957|1|[Fusion, French]
1464|26.540595|-112.659450|82057|3|[Italian, Greek]
1465|25.143388|-87.745091|67755|1|[Tex Mex]
1466|40.150109|-71.779534|41229|5|[Chinese]
1467|24.505789|-109.939672|68011|3|[Tex Mex, American]
1468|39.159513|-100.247149|11893|1|[Pasta]
1469|42.566963|-104.879956|31548|5|[Sandwiches]
1470|30.224376|-93.568653|33591|1|[French]
1471|30.348071|-118.768444|12285|4|[Indian, Mongolian]
1472|46.558061|-108.675373|94158|1|[Contemporary]
1473|45.540459|-115.254328|85072|3|[Smoothies]
1474|44.788489|-89.623277|44323|5|[Indian]
1475|40.416465|-103.521461|90361|5|[Southwestern, Pasta]
1476|35.869046|-102.451487|95711|4|[American]
1477|33.225399|-122.790144|54278|1|[Continental, Subs]
1478|40.775317|-93.764436|11584|1|[Californian]
1479|32.692743|-70.460730|96410|5|[Sandwiches]
1480|32.890551|-80.698867|94896|1|[Creole, Seafood]
1481|39.830770|-83.228091|15332|5|[Pasta]
1482|42.195025|-112.131355|86385|4|[American, Deli]
1483|48.828650|-70.347087|30054|1|[European]
1484|27.386345|-111.402185|51025|5|[Californian, American]
1485|44.236288|-112.642228|86942|5|[Greek, Subs]
1486|33.120954|-107.102300|53718|2|[Cafe, American]
1487|27.606101|-104.687474|17465|5|[Healthy, Coffee]
1488|46.438711|-77.974469|91169|1|[Coffee]
1489|36.798779|-122.884450|75769|5|[Austrian, Fast Food]
1490|45.851808|-73.430302|41191|3|[Asian]
1491|46.638245|-76.664225|59557|5|[Steak]
1492|24.901371|-80.392806|21048|5|[American, Deli]
1493|40.166263|-84.457679|20335|4|[Indian, American]
1494|43.213500|-121.284794|63234|5|[Salad]
1495|41.341017|-105.346034|82285|4|[Middle Eastern, Asian]
1496|46.385534|-106.635540|35585|1|[Californian, Seafood]
1497|41.394742|-72.497082|56752|4|[Indian, Fish And Chips]
1498|37.966688|-76.458314|49222|2|[American, Steak]
1499|25.511629|-93.960296|92682|1|[Chinese, Healthy]
1500|41.918070|-69.104076|34945|3|[Seafood, American]
1501|37.565395|-84.491340|67709|4|[Californian, Healthy]
1502|38.126588|-92.342714|77491|2|[International, Asian]
1503|29.367930|-97.444224|30704|4|[Fish And Chips, Middle Eastern]
1504|24.451049|-77.263862|51638|5|[French, German]
1505|24.345468|-96.762244|15908|4|[Mongolian]
1506|35.163457|-81.267568|76074|4|[Juices, Seafood]
1507|32.917900|-72.232618|68100|4|[American]
1508|43.569079|-115.553853|59870|2|[French]
1509|44.138886|-96.864895|75920|1|[Fast Food]
1510|36.722177|-84.919150|61297|3|[Southwestern, Grill]
1511|42.713912|-121.201398|26377|2|[Healthy]
1512|25.847986|-109.424055|55853|4|[Bistro]
1513|27.436146|-85.599731|77285|3|[Deli]
1514|40.117631|-80.503962|12399|3|[Tapas, Coffee]
1515|33.310417|-70.876177|91372|3|[Pizza]
1516|29.921359|-90.183479|30856|4|[Southwestern]
1517|30.621412|-85.421892|49282|1|[Californian, Deli]
1518|32.396348|-121.307188|43382|4|[Bistro, American]
1519|32.909590|-90.712543|69830|2|[Smoothies]
1520|34.767428|-101.136234|53122|2|[Sandwiches, Persian]
1521|30.822993|-103.926826|72698|5|[Pasta, French]
1522|25.714101|-81.479315|51279|5|[Salad, Seafood]
1523|47.232805|-111.442785|15752|3|[Greek]
1524|47.149897|-119.489327|82959|2|[Burgers]
1525|48.614641|-90.111919|58018|3|[Continental, Cajun]
1526|27.479481|-107.867292|24653|4|[Austrian]
1527|43.132929|-112.268038|49613|3|[Fusion]
1528|39.139249|-117.652376|15778|1|[Asian]
1529|31.452249|-101.772668|82563|4|[Californian, Tex Mex]
1530|48.208374|-104.712990|81061|1|[Fish And Chips, Cajun]
1531|48.187063|-120.978423|60170|1|[Creole]
1532|36.570568|-122.265954|79083|4|[Californian]
1533|41.447456|-71.580649|32605|2|[Juices]
1534|27.974656|-110.796255|94916|1|[Californian, Mongolian]
1535|39.371493|-100.478120|15128|5|[Seafood, Pizza]
1536|43.853804|-75.117046|58052|4|[Indian, Burgers]
1537|34.175170|-79.507765|34600|5|[Chinese]
1538|24.579705|-78.762146|78296|5|[Mediterranean]
1539|47.563331|-106.191939|53632|3|[American, French]
1540|37.542735|-116.712630|98714|3|[Salad, American]
1541|48.931416|-90.316651|83156|1|[Juices, Fast Food]
1542|45.423426|-100.247976|38152|3|[Southwestern]
1543|45.765835|-83.591351|61644|3|[Californian, Pakistani]
1544|40.578163|-101.602492|88093|1|[Continental]
1545|27.105959|-122.943317|38527|5|[European]
1546|35.365964|-104.310325|26653|1|[Cafe, Mediterranean]
1547|48.568064|-102.752156|49658|1|[Persian]
1548|28.529571|-118.908630|32190|4|[French, Contemporary]
1549|31.939516|-108.297385|28688|3|[European, Californian]
1550|28.596550|-112.200335|97230|3|[European, European]
1551|41.151570|-71.957644|81942|2|[Burgers, American]
1552|25.602077|-104.600042|54077|2|[Bistro]
1553|27.135528|-72.760267|94166|1|[Pasta, Contemporary]
1554|40.606849|-81.627123|19128|1|[European, Healthy]
1555|39.232035|-110.141047|38029|5|[Middle Eastern, Tex Mex]
1556|28.973819|-122.331232|64486|4|[French, Smoothies]
1557|26.917558|-70.883905|71308|4|[Steak, Healthy]
1558|41.426491|-113.796739|15688|5|[Grill]
1559|27.754013|-86.281051|39977|1|[Mediterranean, German]
1560|27.200633|-71.782734|25651|4|[Burgers]
1561|28.632839|-111.673927|89034|1|[Greek, Austrian]
1562|25.851002|-108.856451|53556|4|[Californian]
1563|34.816243|-124.264284|59225|1|[Continental]
1564|43.246457|-115.692957|70042|1|[European, Continental]
1565|48.301188|-69.347086|39224|4|[International, Tex Mex]
1566|35.241301|-94.204479|24400|4|[American]
1567|37.883458|-86.889832|71581|4|[Burgers, Italian]
1568|48.395233|-104.391951|39756|1|[Seafood]
1569|45.772862|-74.396263|32338|4|[Tapas]
1570|37.285700|-78.527490|26422|3|[Tex Mex, Pasta]
1571|39.832736|-119.843021|26506|2|[Pasta, Continental]
1572|39.151814|-84.474350|24362|1|[American]
1573|29.434173|-80.635680|22510|3|[Californian, Austrian]
1574|37.665665|-124.921229|91769|1|[Mediterranean]
1575|41.886175|-110.607856|95831|3|[Bistro, Chinese]
1576|40.353156|-105.818493|81095|2|[American, Mediterranean]
1577|44.997572|-114.481006|78553|1|[Italian, Seafood]
1578|36.645725|-97.274232|23904|2|[Tex Mex]
1579|33.838452|-114.705517|27910|4|[American, Mongolian]
1580|48.657728|-69.304397|85225|3|[Pasta]
1581|44.459018|-79.897521|96089|3|[Creole]
1582|46.555920|-123.244918|31431|3|[Smoothies, Fast Food]
1583|29.486413|-107.329367|38167|4|[Deli, Fish And Chips]
1584|41.880453|-108.599818|43474|5|[American, Seafood]
1585|35.709674|-87.156649|76400|2|[Cafe]
1586|29.832547|-80.804431|24197|3|[Cafe]
1587|43.421538|-98.202270|48408|2|[Salad, Asian]
1588|37.705709|-77.161992|48456|1|[Greek, Asian]
1589|42.721713|-113.554939|41331|5|[Indian]
1590|31.514883|-114.758554|70296|2|[Deli, Salad]
1591|48.432900|-91.209625|26895|1|[American, American]
1592|36.810763|-79.735702|77605|3|[French, Seafood]
1593|31.970599|-106.548076|95654|2|[Mongolian]
1594|35.526378|-117.464012|40706|3|[Fish And Chips, Austrian]
1595|31.418882|-95.829633|17830|2|[Pizza, Subs]
1596|32.983942|-112.981354|74970|1|[Middle Eastern]
1597|48.167214|-123.967055|91014|4|[Diner, Deli]
1598|31.827827|-85.855253|45232|1|[Cafe]
1599|31.844398|-118.709939|13815|2|[Healthy]
1600|44.482832|-81.511275|85244|3|[American]
1601|40.394424|-87.428648|88810|1|[Mongolian]
1602|35.808678|-69.787984|91604|3|[Seafood, Mediterranean]
1603|33.974691|-123.844917|73361|3|[Middle Eastern, International]
1604|32.444780|-80.302958|46936|4|[American]
1605|48.584114|-94.968634|41494|2|[Salad, Cafe]
1606|34.829376|-91.778071|25127|3|[Californian]
1607|25.267942|-115.404742|30153|4|[International]
1608|36.987743|-82.986058|71664|2|[Burgers]
1609|39.366383|-81.575413|38182|5|[Pizza, Mediterranean]
1610|41.558593|-118.674620|71570|4|[Cafe]
1611|30.882175|-70.392901|60366|4|[Juices, International]
1612|39.895487|-88.814215|82798|1|[Californian, Fast Food]
1613|45.574942|-80.763319|79647|4|[Healthy]
1614|31.339048|-120.787492|58597|3|[German, Continental]
1615|27.781579|-79.511794|64197|1|[Steak]
1616|31.856411|-97.701208|84544|5|[Pakistani, Tapas]
1617|25.728170|-72.333542|72534|2|[European]
1618|25.590952|-79.157536|14612|4|[International]
1619|33.160168|-71.373630|84584|1|[International]
1620|28.501395|-84.846758|89302|2|[Fusion]
1621|25.110264|-102.807130|35453|1|[International]
1622|30.268209|-79.689082|64768|4|[Diner, Continental]
1623|33.589445|-105.993308|46309|4|[Sandwiches]
1624|41.171730|-110.838384|44511|5|[Italian]
1625|31.120635|-80.657949|88871|5|[American]
1626|33.726255|-110.873660|71955|1|[Italian, Sandwiches]
1627|46.795678|-69.257418|52602|2|[American]
1628|47.137307|-116.820404|58383|5|[Indian]
1629|41.783552|-74.713231|34179|4|[Asian, Fast Food]
1630|29.456548|-89.547966|14131|1|[American]
1631|26.560303|-83.410635|15736|4|[Mexican]
1632|47.843203|-110.707518|34882|1|[American]
1633|47.210301|-114.599712|54337|5|[Burgers, Tapas]
1634|46.186018|-98.135854|27280|3|[Cajun, Seafood]
1635|47.773837|-73.467110|44323|3|[Subs, Middle Eastern]
1636|26.426784|-119.280613|59901|3|[Italian, American]
1637|34.162474|-74.399626|50798|5|[Salad]
1638|32.558300|-100.871511|52890|1|[Coffee, Subs]
1639|39.871700|-86.175937|85396|2|[Creole, American]
1640|45.648140|-100.900605|15794|1|[Persian]
1641|31.982965|-78.505446|10491|4|[Smoothies, European]
1642|37.916874|-80.201090|40103|5|[French]
1643|33.929457|-121.214989|20928|5|[Grill, Healthy]
1644|25.575108|-100.619655|59194|3|[Austrian]
1645|29.421804|-98.945601|44241|1|[Tex Mex, Deli]
1646|28.912612|-95.488523|25424|3|[Salad, Mongolian]
1647|42.411679|-104.222443|31032|4|[Coffee, International]
1648|48.966682|-114.295503|31016|2|[Italian, Diner]
1649|45.965945|-71.615922|27392|1|[Subs, Burgers]
1650|46.263438|-113.694034|15806|3|[Steak]
1651|48.881937|-112.813449|84966|1|[Healthy, International]
1652|39.349928|-119.888872|34024|5|[Middle Eastern]
1653|43.936070|-74.544736|95320|2|[Asian]
1654|46.263391|-118.159812|78315|3|[Juices, Tex Mex]
1655|34.965357|-79.273232|76847|5|[Cajun]
1656|28.488379|-122.522443|50245|3|[European]
1657|45.251252|-99.322080|45905|1|[American, Mediterranean]
1658|24.989082|-107.471950|52501|3|[Salad, French]
1659|43.550353|-88.396030|89734|4|[Deli]
1660|24.368455|-114.632080|26253|1|[Diner, Diner]
1661|46.103813|-90.130133|44413|2|[Creole]
1662|32.669968|-112.792623|25166|3|[Californian]
1663|32.465198|-121.623936|57398|2|[Juices, Pakistani]
1664|46.743862|-69.351255|29344|4|[Tapas]
1665|27.627703|-75.889036|90589|3|[Diner]
1666|28.100182|-102.317481|97699|3|[German, Austrian]
1667|40.884796|-108.627261|14435|5|[Contemporary, Greek]
1668|27.912106|-81.885874|45601|4|[Contemporary, Creole]
1669|47.549211|-70.537082|52338|2|[Mediterranean, French]
1670|24.913617|-121.424751|39332|5|[Mexican, Coffee]
1671|37.549808|-107.681345|51538|1|[International]
1672|30.405171|-77.622207|63711|2|[Fish And Chips, French]
1673|48.151969|-91.730963|31161|4|[Greek, Austrian]
1674|46.464322|-100.978750|54896|1|[Seafood, American]
1675|24.542421|-100.223897|88007|4|[Pakistani]
1676|25.312062|-84.165229|52221|3|[Contemporary, American]
1677|45.608606|-75.891644|86264|4|[Mediterranean]
1678|28.219191|-100.706411|93723|1|[Diner]
1679|33.492290|-118.223876|23819|3|[Middle Eastern]
1680|25.536056|-88.827719|29475|1|[Pasta]
1681|38.243441|-107.490746|79188|5|[Persian, Salad]
1682|34.170701|-98.353075|30559|3|[Indian, Indian]
1683|39.158345|-78.716994|86986|1|[Coffee]
1684|43.915120|-84.910106|18904|5|[American, Seafood]
1685|41.486466|-109.630981|66805|2|[Californian]
1686|46.543057|-85.706173|33269|1|[Salad]
1687|42.850271|-111.986340|41026|4|[Coffee]
1688|37.614596|-117.129199|30929|5|[American]
1689|34.143773|-123.783981|97494|4|[Pizza]
1690|48.699478|-109.116012|68806|4|[Greek, Mediterranean]
1691|28.767918|-87.469409|79167|4|[Pasta]
1692|27.275069|-120.189168|42483|1|[Steak]
1693|25.343308|-71.954776|36481|2|[Californian, American]
1694|45.253984|-76.521187|77989|3|[International, Cafe]
1695|37.849569|-118.777915|70409|5|[Salad, American]
1696|43.895618|-93.347685|34236|3|[Smoothies]
1697|43.584312|-105.878043|27152|3|[American, Continental]
1698|30.871074|-93.891628|60533|4|[Chinese, Mediterranean]
1699|25.671454|-109.426137|99793|1|[Healthy, Seafood]
1700|40.459524|-70.152126|74297|2|[Coffee]
1701|27.970381|-78.200564|87092|1|[Californian]
1702|26.892652|-78.508094|49279|4|[Contemporary, European]
1703|39.286648|-98.511899|62750|1|[American, Burgers]
1704|26.541183|-79.289581|85686|4|[European]
1705|36.546372|-72.936399|18396|5|[American]
1706|43.553335|-110.181449|70194|1|[American, Steak]
1707|29.525284|-85.473087|98438|4|[Fast Food, Californian]
1708|44.655340|-115.933531|77068|3|[Steak]
1709|25.661220|-113.481423|35409|5|[Chinese]
1710|40.804249|-71.569297|45774|3|[Seafood]
1711|27.379662|-70.943095|62570|2|[Continental, Deli]
1712|25.270661|-101.354381|36974|3|[Greek]
1713|33.599909|-87.947277|93496|4|[Subs, Pakistani]
1714|25.801171|-113.623348|17296|1|[Mediterranean]
1715|26.198719|-93.499506|95795|2|[Mexican, Fast Food]
1716|25.145719|-74.794076|82497|1|[Tapas, Seafood]
1717|26.803993|-71.501920|24234|4|[Contemporary]
1718|33.702795|-112.513168|87256|1|[Italian]
1719|35.162460|-86.719336|11182|5|[Deli]
1720|31.323128|-91.759491|45026|1|[Subs]
1721|38.771324|-76.636317|83676|4|[Deli, Tapas]
1722|46.169550|-69.654038|69884|1|[Middle Eastern]
1723|43.192688|-105.207905|28804|2|[German, Creole]
1724|30.550010|-114.641647|86807|1|[Mexican, Bistro]
1725|28.908999|-94.959703|42582|3|[Tex Mex, German]
1726|33.150804|-76.710580|63576|1|[Fish And Chips, Californian]
1727|27.273735|-75.846329|21881|2|[American]
1728|46.313921|-70.538715|68819|3|[Mediterranean, Tapas]
1729|45.796446|-89.333815|96420|4|[Deli]
1730|48.404729|-102.957114|88120|1|[Deli, Fusion]
1731|27.775799|-114.691007|33197|4|[Tapas]
1732|27.262313|-101.956855|30515|4|[Continental, Salad]
1733|31.265140|-123.788909|23470|5|[Seafood, Mediterranean]
1734|47.350227|-106.271660|76095|1|[Greek, American]
1735|27.243613|-105.152758|11215|3|[French, Contemporary]
1736|45.531908|-70.326548|43036|1|[American]
1737|38.535379|-74.815946|97159|2|[Burgers]
1738|48.434965|-72.852414|50456|3|[Healthy, American]
1739|44.479239|-113.800416|45074|1|[American, American]
1740|31.799320|-110.531606|16350|5|[Cajun]
1741|41.658457|-93.459995|53074|4|[Pizza, American]
1742|39.663599|-86.158836|36438|1|[Seafood]
1743|44.233786|-79.207947|95132|1|[French, Bistro]
1744|39.253630|-105.280518|67765|5|[American, Tapas]
1745|31.989502|-110.288756|82387|5|[Salad]
1746|40.944742|-76.322493|42285|2|[Greek]
1747|46.443389|-115.374648|68401|1|[Healthy, Seafood]
1748|39.509031|-112.503116|47978|2|[Contemporary, Chinese]
1749|24.790537|-102.174258|71665|4|[Tex Mex]
1750|36.182213|-117.925964|79381|1|[Mongolian, Coffee]
1751|26.600105|-85.924556|39009|3|[American]
1752|45.431439|-87.247170|96770|3|[Tex Mex, Healthy]
1753|34.119054|-91.790174|66899|3|[Cafe, European]
1754|27.112919|-78.654540|80594|2|[Steak, Continental]
1755|35.672255|-86.510046|75337|4|[European]
1756|26.435708|-88.914524|52240|5|[Indian, Pasta]
1757|37.987403|-72.643718|18945|5|[Healthy, Subs]
1758|44.743617|-95.481629|77236|4|[Tapas, Healthy]
1759|40.197273|-69.555226|64873|1|[Pakistani, German]
1760|46.207123|-114.776916|94195|3|[Californian]
1761|29.265886|-89.530997|48198|5|[Southwestern]
1762|24.795561|-103.333854|72203|1|[Seafood]
1763|36.776310|-92.709857|50470|4|[Southwestern, American]
1764|40.795541|-106.163132|30467|4|[Californian, Burgers]
1765|41.137262|-106.729784|37746|1|[Persian, Contemporary]
1766|37.782486|-117.768854|39499|5|[Healthy]
1767|45.431398|-109.677368|98880|5|[Cajun, Salad]
1768|36.446472|-103.182106|93118|3|[Continental]
1769|47.969203|-79.127046|13769|5|[Southwestern]
1770|32.822272|-109.941736|71335|4|[Continental]
1771|29.134788|-71.668916|15655|2|[Austrian, American]
1772|43.446043|-90.360671|47472|1|[Seafood]
1773|38.633616|-89.701255|13358|2|[Bistro]
1774|43.771963|-82.134683|95794|3|[American, Tex Mex]
1775|44.961904|-90.843849|15239|3|[American]
1776|42.514737|-80.834090|92987|5|[Continental]
1777|44.412851|-102.615109|25463|5|[American, Cafe]
1778|32.698846|-113.290521|25252|3|[Coffee]
1779|34.957294|-101.759950|41877|5|[Seafood]
1780|42.115655|-100.211515|29744|3|[American]
1781|45.856972|-95.109847|50707|2|[Persian, Burgers]
1782|29.368028|-86.376431|74142|2|[Seafood, Subs]
1783|36.102638|-87.634390|61513|4|[American]
1784|43.370850|-109.950997|19866|3|[Tex Mex, Juices]
1785|39.372897|-114.783096|68527|2|[Cafe, Burgers]
1786|39.531268|-75.457079|74796|1|[Mediterranean]
1787|44.505245|-108.891332|89140|1|[Steak, Cafe]
1788|32.779151|-93.516053|44785|5|[Seafood, Cafe]
1789|44.889206|-116.668621|71704|5|[Seafood]
1790|39.520789|-99.693557|64337|4|[German]
1791|45.246160|-120.614114|10955|5|[Healthy]
1792|38.184289|-104.637821|89425|2|[Californian, Deli]
1793|45.112234|-89.602742|20649|5|[Deli]
1794|35.190422|-102.395511|17302|3|[Healthy]
1795|42.777303|-111.817679|81325|2|[Creole]
1796|31.921413|-119.822770|88495|3|[Seafood, Healthy]
1797|28.408183|-85.850687|85803|5|[Cafe]
1798|45.192544|-87.792781|39572|5|[Smoothies, Burgers]
1799|28.223984|-94.996239|24168|2|[Deli]
1800|47.966631|-99.941657|17871|3|[Mongolian, Middle Eastern]
1801|38.586680|-97.241438|19430|1|[Californian, Mexican]
1802|42.189273|-71.675283|39812|1|[American]
1803|38.232686|-84.830163|34991|3|[Coffee, Pasta]
1804|33.305650|-122.280938|48571|2|[Pasta]
1805|35.176788|-112.291070|10390|4|[Seafood, American]
1806|43.684956|-81.443761|21906|1|[Juices]
1807|27.299594|-116.454130|58904|4|[Contemporary]
1808|39.987639|-70.223121|18457|2|[Seafood]
1809|44.146097|-102.123150|74705|2|[French, Chinese]
1810|31.951218|-113.273473|94150|2|[American, Fish And Chips]
1811|48.714781|-109.250650|51092|5|[Fusion]
1812|47.833151|-89.207519|48370|2|[Bistro, Deli]
1813|47.643796|-74.934650|76603|2|[Seafood, Deli]
1814|34.427213|-73.583651|14882|1|[Mediterranean, Juices]
1815|28.772739|-113.352391|24549|4|[Burgers, Tapas]
1816|40.536614|-98.201351|46906|5|[Fusion]
1817|32.940736|-86.609940|82301|4|[French, Persian]
1818|38.731511|-90.717720|65283|4|[Italian, Fish And Chips]
1819|38.781714|-80.442812|80840|2|[Burgers, Pizza]
1820|33.129818|-72.191973|73169|3|[French, French]
1821|39.334240|-104.409457|86790|1|[Deli]
1822|25.666048|-77.751175|24662|2|[American]
1823|45.455595|-84.164366|79822|2|[Chinese, Fish And Chips]
1824|40.779379|-91.994745|49205|1|[Grill]
1825|36.249314|-86.356025|50685|2|[Pakistani, Contemporary]
1826|28.847876|-97.841451|81909|3|[Mexican]
1827|46.722942|-110.135516|43713|3|[Continental]
1828|33.188285|-91.613342|46484|1|[Middle Eastern, Healthy]
1829|48.471108|-101.633214|79117|2|[American, Sandwiches]
1830|45.540078|-69.880062|69096|3|[Diner]
1831|32.172790|-115.253699|34675|4|[Steak]
1832|37.924302|-80.245975|69420|2|[European]
1833|42.558376|-104.722492|61899|2|[Pasta]
1834|33.412847|-123.532703|95448|1|[Pakistani, Burgers]
1835|43.327542|-102.223147|69794|2|[Middle Eastern]
1836|43.322726|-116.264314|71092|2|[Coffee]
1837|29.881821|-104.998125|80445|5|[Continental, Pasta]
1838|30.419219|-117.894766|17808|3|[Bistro, Juices]
1839|24.521626|-109.682636|24219|4|[Continental, Mongolian]
1840|31.323924|-85.991322|67471|5|[Fast Food]
1841|39.388838|-101.116696|95467|2|[Cajun, Mongolian]
1842|44.740402|-117.881551|58481|1|[Italian, International]
1843|44.440137|-73.329776|10964|2|[Californian]
1844|44.652206|-78.560475|51679|1|[European, Tex Mex]
1845|39.767319|-109.403756|84916|1|[German]
1846|28.566508|-86.663718|87169|4|[Smoothies, Mediterranean]
1847|27.634703|-89.938739|75539|1|[Mediterranean]
1848|37.745652|-117.172515|65984|1|[European, Salad]
1849|34.308728|-108.120425|60943|5|[Seafood, Mediterranean]
1850|31.735736|-93.601539|76386|3|[Pasta, Bistro]
1851|46.347746|-70.155873|89289|5|[Steak, Cajun]
1852|41.747668|-103.325921|80036|2|[Seafood]
1853|26.241925|-118.876378|56898|5|[Persian]
1854|41.788922|-83.320108|35575|1|[Cajun, French]
1855|42.202689|-97.207007|69785|3|[Asian, Greek]
1856|30.855553|-74.545785|14719|5|[Sandwiches]
1857|46.469513|-98.224041|33545|1|[European]
1858|43.370817|-103.919441|51516|1|[Pasta]
1859|24.332115|-85.217242|84498|5|[Deli, Tex Mex]
1860|37.145492|-115.233447|97673|5|[Mongolian, Chinese]
1861|36.596183|-115.456709|85766|5|[Subs]
1862|45.223745|-88.971242|80431|4|[European]
1863|38.171529|-97.127232|60929|5|[Middle Eastern, Fish And Chips]
1864|44.224893|-75.292872|96117|4|[Mexican, Pasta]
1865|26.393251|-86.125019|47396|5|[Middle Eastern]
1866|28.547672|-108.392030|95962|1|[Healthy]
1867|29.458125|-98.467280|21891|3|[Bistro]
1868|30.228968|-70.773044|16797|3|[Indian]
1869|39.651086|-91.547289|83771|2|[Healthy, Smoothies]
1870|27.473469|-69.830468|47796|4|[Fast Food, Tex Mex]
1871|29.874290|-103.168203|66348|5|[American, Indian]
1872|38.373013|-105.506884|97784|3|[Smoothies]
1873|32.440482|-100.495079|31463|2|[Steak, Smoothies]
1874|24.655578|-95.848962|58063|3|[Indian]
1875|25.311120|-85.812466|95409|3|[Deli, Italian]
1876|44.311753|-69.219501|25360|2|[Deli, American]
1877|32.495801|-95.444425|22924|4|[Southwestern]
1878|36.466646|-103.440724|15124|3|[Healthy]
1879|40.381687|-93.873622|27372|5|[American, Burgers]
1880|29.395456|-121.634035|20762|4|[Coffee, German]
1881|47.430924|-85.164429|37176|4|[Contemporary, Salad]
1882|44.745049|-74.790832|44786|5|[Fish And Chips, Middle Eastern]
1883|35.293569|-76.674650|20100|3|[Mediterranean]
1884|39.831920|-122.263799|14527|4|[Cafe]
1885|42.464329|-105.647040|34638|4|[Fish And Chips]
1886|29.644765|-71.281554|64467|3|[Seafood]
1887|27.947664|-121.799951|69700|4|[Austrian]
1888|25.206470|-108.587212|75819|3|[Contemporary, Deli]
1889|31.223406|-110.652002|42278|5|[Chinese]
1890|44.809693|-81.333705|29788|1|[Cafe, Fusion]
1891|24.727258|-122.422923|68633|3|[Fusion]
1892|44.838909|-107.333000|27565|5|[Tex Mex]
1893|36.865195|-97.300990|26901|2|[Grill]
1894|45.248101|-92.929501|93951|1|[Middle Eastern, Austrian]
1895|43.151222|-111.525211|45711|2|[Asian]
1896|34.511624|-86.209525|54736|2|[Tex Mex, Juices]
1897|33.221477|-123.296428|23744|5|[Grill]
1898|31.939263|-110.919006|72969|5|[Pakistani]
1899|26.328737|-87.695534|78985|5|[Subs, Contemporary]
1900|41.977160|-78.523148|78190|2|[Smoothies]
1901|32.177986|-111.137973|21784|5|[Salad, International]
1902|35.277069|-72.235177|87927|4|[Italian, Burgers]
1903|34.529186|-98.922456|59278|5|[Deli, Cafe]
1904|37.968585|-123.559110|90589|1|[Cajun, Pasta]
1905|40.658815|-81.826859|45666|5|[Mediterranean, Pasta]
1906|24.762436|-101.994825|85121|5|[Mongolian, Pasta]
1907|47.444076|-117.347268|23260|5|[Steak, Grill]
1908|48.720022|-81.876249|45719|5|[Mexican, European]
1909|26.226139|-91.546887|63105|1|[Cajun]
1910|33.291232|-91.546090|70416|3|[Deli, Contemporary]
1911|35.642378|-110.620852|56585|3|[Coffee, Californian]
1912|27.181618|-78.229436|51323|1|[Mexican]
1913|28.455102|-86.171330|90625|3|[Mexican]
1914|45.737487|-124.507626|14523|4|[Steak]
1915|24.955127|-95.440503|25897|3|[American]
1916|33.676868|-89.564671|92834|3|[American]
1917|34.996573|-76.387952|24071|2|[Seafood, Austrian]
1918|37.160169|-116.135179|44933|2|[European, Tapas]
1919|26.459348|-76.363299|43599|4|[Asian, Mongolian]
1920|29.603126|-81.262408|60165|1|[Sandwiches, Deli]
1921|34.843063|-71.844782|97161|3|[Coffee, Indian]
1922|33.982958|-90.875411|20135|5|[Mongolian, Tapas]
1923|24.648447|-95.402872|67276|2|[Mediterranean]
1924|40.374634|-124.330556|58454|3|[Fast Food, Continental]
1925|33.721068|-73.431698|85462|4|[Juices]
1926|33.956785|-89.412429|74571|4|[Salad]
1927|35.392804|-114.572207|35426|3|[International, American]
1928|44.853155|-73.423526|86998|2|[Deli, Chinese]
1929|45.530243|-76.135002|18776|2|[Creole]
1930|26.436237|-113.988638|22034|2|[Mediterranean]
1931|24.909280|-111.146747|90962|3|[Californian, International]
1932|43.946024|-78.100634|58403|2|[Pasta]
1933|36.767641|-94.143628|69497|3|[German, International]
1934|45.648740|-112.921066|48256|2|[Mediterranean, Coffee]
1935|35.260494|-72.495089|14257|3|[Continental, Fusion]
1936|29.853455|-113.510841|91351|2|[Italian]
1937|34.538388|-70.700417|92167|4|[Fusion, European]
1938|46.537188|-76.619786|57307|4|[Sandwiches]
1939|35.387964|-77.887829|66259|2|[Southwestern, Sandwiches]
1940|28.750216|-122.661475|56974|2|[American, Pakistani]
1941|32.492237|-107.938882|56267|2|[Middle Eastern]
1942|30.104710|-88.590321|46577|1|[Tex Mex, Pizza]
1943|48.604866|-81.909337|83803|1|[Mediterranean, Austrian]
1944|41.299653|-78.203191|34974|1|[Italian]
1945|42.675470|-69.939344|55306|3|[Salad]
1946|25.255935|-110.721572|82921|3|[Salad, Healthy]
1947|45.992998|-103.278980|14689|1|[Greek]
1948|43.437751|-92.620206|89048|1|[Smoothies]
1949|31.397602|-123.587326|45934|3|[Fast Food]
1950|30.998229|-100.581206|46979|2|[Fast Food]
1951|36.781059|-79.216446|84393|2|[American, German]
1952|45.195946|-115.582850|48343|4|[Creole, Burgers]
1953|41.905052|-99.632662|37391|1|[International, Subs]
1954|28.986054|-77.877288|75469|4|[American]
1955|30.864918|-81.519509|40487|4|[Asian, Coffee]
1956|26.160261|-92.934675|14255|4|[Fast Food, Juices]
1957|36.310745|-89.711144|26502|2|[Grill]
1958|25.550668|-89.837936|35289|2|[Seafood, Burgers]
1959|34.840503|-72.104539|94208|4|[Seafood, Mexican]
1960|43.529529|-72.144166|94416|3|[Salad]
1961|42.474751|-86.175146|30864|2|[Tapas, Fusion]
1962|30.613936|-120.607875|87697|1|[Californian]
1963|36.526545|-104.539818|58411|2|[Diner, Deli]
1964|27.146484|-123.232722|97065|4|[Burgers]
1965|27.960669|-74.122601|34956|3|[Italian, Asian]
1966|31.909807|-74.670949|88562|4|[American, Steak]
1967|36.870437|-80.954570|18364|2|[Fusion, Healthy]
1968|32.546981|-114.598639|87911|1|[American]
1969|37.557952|-84.509988|95869|2|[Californian]
1970|24.752243|-111.609125|41926|1|[Californian]
1971|37.649596|-83.391323|41730|3|[Californian, Indian]
1972|37.402609|-105.276017|41052|5|[Deli, Contemporary]
1973|41.734480|-101.119641|71035|4|[Fish And Chips]
1974|48.893471|-118.905877|25916|5|[German]
1975|42.726637|-89.948608|67333|2|[Fusion, Cajun]
1976|25.305347|-95.334656|93440|3|[Grill, Coffee]
1977|39.744687|-101.474962|11272|3|[Californian]
1978|31.714954|-120.881257|28621|2|[Salad]
1979|36.792871|-102.406933|74141|3|[Californian, European]
1980|26.429088|-124.408303|17718|2|[Sandwiches, Subs]
1981|25.667704|-77.805967|35047|1|[Chinese, Creole]
1982|37.992003|-95.546773|73115|1|[Cafe, Contemporary]
1983|41.525136|-71.126985|79547|4|[Contemporary]
1984|27.164069|-90.521622|85454|5|[Diner]
1985|37.581997|-124.578138|36876|3|[Pasta, Coffee]
1986|42.615020|-118.846597|90265|5|[Tapas]
1987|32.628026|-110.447691|61564|3|[Subs]
1988|28.251648|-113.535801|68317|2|[American, Southwestern]
1989|39.473689|-84.326810|76439|4|[Austrian]
1990|36.535000|-91.277681|86642|2|[Greek]
1991|28.111363|-108.591832|40465|1|[American, Seafood]
1992|46.748463|-91.598048|67421|3|[Persian]
1993|38.657020|-76.409715|68620|2|[Deli, Pizza]
1994|39.305846|-71.886636|97797|1|[Asian, French]
1995|38.314262|-113.468830|72369|3|[Bistro]
1996|41.716886|-70.248730|50214|1|[Indian, Pasta]
1997|39.591512|-107.526850|87050|1|[Creole, American]
1998|43.642210|-82.135721|72065|2|[Subs, Deli]
1999|30.212408|-109.305105|29507|3|[Mediterranean]
2000|47.364858|-121.434629|29705|2|[Pizza, Seafood]
